丁 1 0 2 0 0 0
七 4 0 7 1 0 0
万 1 0 2 2 7 0
丙 1 0 2 2 7 1
两 1 0 2 2 7 2
甭 1 0 2 2 7 3
而 1 0 2 2 7 4
雨 1 0 2 2 7 5
需 1 0 2 2 7 6
霄 1 0 2 2 7 7
雳 1 0 2 2 7 8
鬲 1 0 2 2 7 9
丽 1 0 2 2 7 10
丈 5 0 0 0 0 0
丰 5 0 0 0 0 1
扌 5 0 0 0 0 2
扩 5 0 0 0 0 3
三 1 0 1 0 1 0
正 1 0 1 0 1 1
歪 1 0 1 0 1 2
上 2 1 1 0 0 0
止 2 1 1 0 0 1
下 1 0 2 3 0 0
丌 1 0 2 2 0 0
不 1 0 9 0 0 0
丐 1 0 0 2 7 0
亏 1 0 0 2 7 1
雩 1 0 0 2 7 2
丑 1 7 1 0 2 0
孟 1 7 1 0 2 1
盈 1 7 1 0 2 2
卫 1 7 1 0 2 3
且 7 7 1 0 2 0
叠 7 7 1 0 2 1
皿 7 7 1 0 2 2
盥 7 7 1 0 2 3
丕 1 0 1 0 9 0
世 4 4 7 1 7 0
艺 4 4 7 1 7 1
巷 4 4 7 1 7 2
甍 4 4 7 1 7 3
芑 4 4 7 1 7 4
芭 4 4 7 1 7 5
苣 4 4 7 1 7 6
丘 7 2 1 0 2 0
丞 1 7 1 0 9 0
銎 1 7 1 0 9 1
丢 2 0 7 3 2 0
么 2 0 7 3 2 1
幺 2 0 7 3 2 2
并 8 0 4 4 1 0
丫 8 0 2 0 7 0
今 8 0 2 0 7 1
爹 8 0 2 0 7 2
丬 3 2 1 0 0 0
冽 3 2 1 0 0 1
业 3 2 1 0 0 2
浏 3 2 1 0 0 3
洌 3 2 1 0 0 4
洲 3 2 1 0 0 5
涮 3 2 1 0 0 6
渊 3 2 1 0 0 7
测 3 2 1 0 0 8
中 5 0 0 0 6 0
串 5 0 0 0 6 1
史 5 0 0 0 6 2
吏 5 0 0 0 6 3
曳 5 0 0 0 6 4
申 5 0 0 0 6 5
丸 5 0 0 1 7 0
抗 5 0 0 1 7 1
丹 7 7 4 4 0 0
册 7 7 4 4 0 1
双 7 7 4 4 0 2
主 0 0 1 0 4 0
壅 0 0 1 0 4 1
乃 1 7 2 2 7 0
帚 1 7 2 2 7 1
弼 1 7 2 2 7 2
甬 1 7 2 2 7 3
粥 1 7 2 2 7 4
胥 1 7 2 2 7 5
邴 1 7 2 2 7 6
鄹 1 7 2 2 7 7
郦 1 7 2 2 7 8
鬻 1 7 2 2 7 9
鸸 1 7 2 2 7 10
鹨 1 7 2 2 7 11
鹬 1 7 2 2 7 12
鹂 1 7 2 2 7 13
鼐 1 7 2 2 7 14
久 2 7 8 0 0 0
乇 2 0 7 1 0 0
乍 8 0 2 1 1 0
乎 2 0 4 0 9 0
乏 2 0 3 0 2 0
乒 7 2 2 0 1 0
乓 7 2 0 3 1 0
乖 2 0 1 1 2 0
统 2 0 1 1 2 1
乘 2 0 9 0 1 0
乜 4 0 7 1 2 0
九 4 0 0 1 7 0
乞 8 0 7 1 7 0
氙 8 0 7 1 7 1
爸 8 0 7 1 7 2
瓮 8 0 7 1 7 3
钪 8 0 7 1 7 4
也 4 4 7 1 2 0
老 4 4 7 1 2 1
芘 4 4 7 1 2 2
苞 4 4 7 1 2 3
苍 4 4 7 1 2 4
蓖 4 4 7 1 2 5
乩 2 2 6 1 0 0
乱 2 2 6 1 0 1
乳 2 2 4 1 0 0
舭 2 2 4 1 0 1
乾 4 8 4 1 7 0
干 1 0 4 0 0 0
于 1 0 4 0 0 1
雯 1 0 4 0 0 2
了 1 7 2 0 7 0
予 1 7 2 0 2 0
事 5 0 0 0 7 0
聿 5 0 0 0 7 1
肀 5 0 0 0 7 2
二 1 0 1 0 0 0
亍 1 0 2 0 1 0
严 1 0 2 0 1 1
云 1 0 7 3 2 0
互 1 0 1 0 2 0
亚 1 0 1 0 2 1
工 1 0 1 0 2 2
盂 1 0 1 0 2 3
亓 1 0 2 2 1 0
井 5 5 0 0 0 0
亘 1 0 1 0 6 0
噩 1 0 1 0 6 1
些 2 2 1 0 1 0
丝 2 2 1 0 1 1
亟 1 7 1 0 4 0
亠 0 0 0 0 0 0
亡 0 0 7 1 0 0
亢 0 0 2 1 7 0
亮 0 0 2 1 7 1
嬴 0 0 2 1 7 2
羸 0 0 2 1 7 3
蠃 0 0 2 1 7 4
赢 0 0 2 1 7 5
麂 0 0 2 1 7 6
交 0 0 4 0 8 0
卒 0 0 4 0 8 1
亥 0 0 8 0 2 0
亦 0 0 2 3 0 0
卞 0 0 2 3 0 1
亨 0 0 2 0 7 0
庐 0 0 2 0 7 1
享 0 0 4 0 7 0
变 0 0 4 0 7 1
孪 0 0 4 0 7 2
京 0 0 9 0 6 0
亭 0 0 2 0 1 0
产 0 0 2 0 1 1
亳 0 0 7 1 4 0
毫 0 0 7 1 4 1
人 8 0 0 0 0 0
入 8 0 0 0 0 1
八 8 0 0 0 0 2
亻 2 0 2 0 0 0
什 2 4 2 0 0 0
付 2 4 2 0 0 1
射 2 4 2 0 0 2
斛 2 4 2 0 0 3
豺 2 4 2 0 0 4
仁 2 1 2 1 0 0
仂 2 4 2 2 7 0
侉 2 4 2 2 7 1
侑 2 4 2 2 7 2
伪 2 4 2 2 7 3
仃 2 1 2 2 0 0
何 2 1 2 2 0 1
仄 7 1 2 8 0 0
仆 2 3 2 0 0 0
外 2 3 2 0 0 1
仇 2 4 2 1 7 0
鼽 2 4 2 1 7 1
仉 2 7 2 1 0 0
佩 2 7 2 1 0 1
亿 2 7 2 1 0 2
介 8 0 2 2 0 0
仍 2 7 2 2 7 0
侈 2 7 2 2 7 1
俑 2 7 2 2 7 2
肾 2 7 2 2 7 3
躬 2 7 2 2 7 4
鸺 2 7 2 2 7 5
鸬 2 7 2 2 7 6
仔 2 7 2 4 7 0
侵 2 7 2 4 7 1
假 2 7 2 4 7 2
役 2 7 2 4 7 3
殷 2 7 2 4 7 4
仕 2 4 2 1 0 0
化 2 4 2 1 0 1
他 2 4 2 1 2 0
佐 2 4 2 1 2 1
佬 2 4 2 1 2 2
值 2 4 2 1 2 3
先 2 4 2 1 2 4
仗 2 5 2 0 0 0
件 2 5 2 0 0 1
舛 2 5 2 0 0 2
仙 2 2 2 7 0 0
仝 8 0 1 0 2 0
差 8 0 1 0 2 1
盆 8 0 1 0 2 2
益 8 0 1 0 2 3
盒 8 0 1 0 2 4
羞 8 0 1 0 2 5
盖 8 0 1 0 2 6
同 7 7 2 2 0 0
冂 7 7 2 2 0 1
卩 7 7 2 2 0 2
周 7 7 2 2 0 3
冈 7 7 2 2 0 4
月 7 7 2 2 0 5
朋 7 7 2 2 0 6
朐 7 7 2 2 0 7
用 7 7 2 2 0 8
网 7 7 2 2 0 9
罔 7 7 2 2 0 10
胴 7 7 2 2 0 11
胸 7 7 2 2 0 12
脚 7 7 2 2 0 13
阴 7 7 2 2 0 14
陶 7 7 2 2 0 15
仞 2 7 2 2 0 0
仰 2 7 2 2 0 1
伺 2 7 2 2 0 2
佝 2 7 2 2 0 3
佣 2 7 2 2 0 4
侗 2 7 2 2 0 5
们 2 7 2 2 0 6
倜 2 7 2 2 0 7
匍 2 7 2 2 0 8
向 2 7 2 2 0 9
徇 2 7 2 2 0 10
御 2 7 2 2 0 11
彻 2 7 2 2 0 12
豹 2 7 2 2 0 13
仟 2 2 2 4 0 0
低 2 2 2 4 0 1
仡 2 8 2 1 7 0
代 2 3 2 4 0 0
令 8 0 3 0 2 0
以 2 8 7 0 0 0
仨 2 1 2 1 1 0
俳 2 1 2 1 1 1
征 2 1 2 1 1 2
徘 2 1 2 1 1 3
仫 2 2 2 3 2 0
仲 2 5 2 0 6 0
伸 2 5 2 0 6 1
使 2 5 2 0 6 2
仳 2 2 2 1 0 0
仵 2 8 2 4 0 0
做 2 8 2 4 0 1
傲 2 8 2 4 0 2
儆 2 8 2 4 0 3
微 2 8 2 4 0 4
徵 2 8 2 4 0 5
徼 2 8 2 4 0 6
徽 2 8 2 4 0 7
攸 2 8 2 4 0 8
敫 2 8 2 4 0 9
任 2 2 2 1 4 0
崖 2 2 2 1 4 1
毵 2 2 2 1 4 2
份 2 8 2 2 7 0
佾 2 8 2 2 7 1
伤 2 8 2 2 7 2
觞 2 8 2 2 7 3
仿 2 0 2 2 7 0
傍 2 0 2 2 7 1
隽 2 0 2 2 7 2
币 2 0 2 2 7 3
彷 2 0 2 2 7 4
禹 2 0 2 2 7 5
秀 2 0 2 2 7 6
企 8 0 1 0 1 0
兰 8 0 1 0 1 1
伉 2 0 2 1 7 0
秃 2 0 2 1 7 1
伊 2 7 2 0 7 0
多 2 7 2 0 7 1
伍 2 1 2 1 2 0
虚 2 1 2 1 2 1
伎 2 4 2 4 7 0
彼 2 4 2 4 7 1
伏 2 3 2 8 4 0
俟 2 3 2 8 4 1
伐 2 3 2 5 0 0
侔 2 3 2 5 0 1
俄 2 3 2 5 0 2
戕 2 3 2 5 0 3
臧 2 3 2 5 0 4
休 2 4 2 9 0 0
貅 2 4 2 9 0 1
伙 2 9 2 8 0 0
伢 2 1 2 4 0 0
佴 2 1 2 4 0 1
虔 2 1 2 4 0 2
鼾 2 1 2 4 0 3
伯 2 6 2 0 2 0
估 2 4 2 6 0 0
佑 2 4 2 6 0 1
储 2 4 2 6 0 2
伲 2 7 2 1 2 0
倪 2 7 2 1 2 1
危 2 7 2 1 2 2
徂 2 7 2 1 2 3
径 2 7 2 1 2 4
觑 2 7 2 1 2 5
伴 2 9 2 5 0 0
伶 2 8 2 3 2 0
侩 2 8 2 3 2 1
飧 2 8 2 3 2 2
飨 2 8 2 3 2 3
似 2 8 2 0 0 0
伽 2 6 2 0 0 0
佃 2 6 2 0 0 1
徊 2 6 2 0 0 2
但 2 6 2 1 0 0
伫 2 3 2 1 2 0
佗 2 3 2 1 2 1
倥 2 3 2 1 2 2
僦 2 3 2 1 2 3
优 2 3 2 1 2 4
允 2 3 2 1 2 5
布 4 0 2 2 7 0
内 4 0 2 2 7 1
南 4 0 2 2 7 2
巾 4 0 2 2 7 3
希 4 0 2 2 7 4
有 4 0 2 2 7 5
肉 4 0 2 2 7 6
肴 4 0 2 2 7 7
位 2 0 2 1 8 0
住 2 0 2 1 4 0
往 2 0 2 1 4 1
佘 8 0 9 0 1 0
余 8 0 9 0 4 0
籴 8 0 9 0 4 1
佚 2 5 2 8 0 0
侠 2 5 2 8 0 1
觖 2 5 2 8 0 2
佛 2 5 2 2 7 0
俜 2 5 2 2 7 1
倩 2 5 2 2 7 2
伟 2 5 2 2 7 3
作 2 8 2 1 1 0
佞 2 1 2 4 4 0
佟 2 7 2 3 3 0
你 2 7 2 9 2 0
佤 2 1 2 1 7 0
虎 2 1 2 1 7 1
佧 2 1 2 3 1 0
卡 2 1 2 3 1 1
虑 2 1 2 3 1 2
佯 2 8 2 5 1 0
徉 2 8 2 5 1 1
佰 2 1 2 6 2 0
貊 2 1 2 6 2 1
佳 2 4 2 1 4 0
佶 2 4 2 6 1 0
借 2 4 2 6 1 1
僖 2 4 2 6 1 2
佻 2 2 2 1 3 0
佼 2 0 2 4 8 0
侃 2 6 2 1 2 0
貌 2 6 2 1 2 1
貔 2 6 2 1 2 2
侄 2 1 2 1 4 0
偃 2 1 2 1 4 1
伛 2 1 2 1 4 2
虍 2 1 2 1 4 3
虐 2 1 2 1 4 4
躯 2 1 2 1 4 5
来 5 0 9 0 0 0
未 5 0 9 0 0 1
末 5 0 9 0 0 2
耒 5 0 9 0 0 3
例 2 2 2 0 0 0
俐 2 2 2 0 0 1
倒 2 2 2 0 0 2
侧 2 2 2 0 0 3
刎 2 2 2 0 0 4
制 2 2 2 0 0 5
刿 2 2 2 0 0 6
劓 2 2 2 0 0 7
爿 2 2 2 0 0 8
侍 2 4 2 4 1 0
待 2 4 2 4 1 1
侏 2 5 2 9 0 0
徕 2 5 2 9 0 1
仑 8 0 7 1 2 0
仓 8 0 7 1 2 1
毓 8 0 7 1 2 2
铳 8 0 7 1 2 3
锍 8 0 7 1 2 4
镜 8 0 7 1 2 5
供 2 4 2 8 1 0
徒 2 4 2 8 1 1
依 2 0 2 3 2 0
价 2 8 2 2 0 0
侮 2 8 2 5 7 0
侯 2 7 2 8 4 0
倏 2 7 2 8 4 1
候 2 7 2 8 4 2
侣 2 6 2 6 0 0
倡 2 6 2 6 0 1
儡 2 6 2 6 0 2
便 2 1 2 4 6 0
倬 2 1 2 4 6 1
俣 2 6 2 8 4 0
系 2 0 9 0 3 0
促 2 6 2 8 1 0
俅 2 3 2 9 9 0
俊 2 3 2 4 7 0
俎 8 7 8 1 2 0
俏 2 9 2 2 7 0
倘 2 9 2 2 7 1
徜 2 9 2 2 7 2
躺 2 9 2 2 7 3
俗 2 8 2 6 8 0
俘 2 2 2 4 7 0
岌 2 2 2 4 7 1
後 2 2 2 4 7 2
俚 2 6 2 1 5 0
保 2 6 2 9 4 0
倮 2 6 2 9 4 1
俞 8 0 2 2 1 0
前 8 0 2 2 1 1
斧 8 0 2 2 1 2
信 2 0 2 6 1 0
倍 2 0 2 6 1 1
修 2 7 2 2 2 0
勿 2 7 2 2 2 1
俯 2 0 2 4 0 0
俱 2 7 2 8 1 0
俸 2 5 2 5 8 0
俺 2 4 2 1 6 0
齄 2 4 2 1 6 1
俾 2 6 2 4 0 0
伥 2 2 2 3 4 0
俩 2 1 2 2 7 0
儒 2 1 2 2 7 1
俪 2 1 2 2 7 2
肯 2 1 2 2 7 3
虏 2 1 2 2 7 4
个 8 0 2 0 0 0
倌 2 3 2 7 7 0
倔 2 7 2 7 2 0
幸 4 0 4 0 1 0
耷 4 0 4 0 1 1
辜 4 0 4 0 1 2
倚 2 4 2 2 1 0
倦 2 9 2 1 2 0
傥 2 9 2 1 2 1
觥 2 9 2 1 2 2
倨 2 7 2 6 4 0
貉 2 7 2 6 4 1
伦 2 8 2 1 2 0
伧 2 8 2 1 2 1
览 2 8 2 1 2 2
倭 2 2 2 4 4 0
俭 2 8 2 1 9 0
偈 2 6 2 2 7 0
偶 2 6 2 2 7 1
帛 2 6 2 2 7 2
偌 2 4 2 6 4 0
偎 2 6 2 3 2 0
儇 2 6 2 3 2 1
偏 2 3 2 2 7 0
偕 2 2 2 6 2 0
停 2 0 2 2 1 0
健 2 5 2 4 0 0
俦 2 5 2 4 0 1
偬 2 7 2 3 2 0
像 2 7 2 3 2 1
彖 2 7 2 3 2 2
很 2 7 2 3 2 3
象 2 7 2 3 2 4
侦 2 1 2 8 2 0
倾 2 1 2 8 2 1
须 2 1 2 8 2 2
颓 2 1 2 8 2 3
频 2 1 2 8 2 4
颛 2 1 2 8 2 5
颅 2 1 2 8 2 6
偷 2 8 2 2 1 0
傀 2 6 2 1 3 0
傅 2 3 2 4 2 0
傈 2 1 2 9 4 0
僳 2 1 2 9 4 1
杰 4 0 3 3 9 0
伞 8 0 4 0 9 0
备 2 7 6 0 4 0
各 2 7 6 0 4 1
督 2 7 6 0 4 2
家 3 0 2 3 2 0
宸 3 0 2 3 2 1
禳 3 0 2 3 2 2
窳 3 0 2 3 2 3
傣 2 5 2 9 9 0
催 2 2 2 1 5 0
崔 2 2 2 1 5 1
传 2 5 2 3 2 0
债 2 5 2 8 2 0
傺 2 7 2 9 1 0
傻 2 6 2 4 7 0
偻 2 9 2 4 4 0
仅 2 7 2 4 0 0
佥 8 0 1 0 9 0
金 8 0 1 0 9 1
釜 8 0 1 0 9 2
侨 2 2 2 2 8 0
僚 2 4 2 9 6 0
侥 2 5 2 1 2 0
僧 2 8 2 6 6 0
偾 2 4 2 8 2 0
僬 2 0 2 3 1 0
僭 2 1 2 6 1 0
僮 2 0 2 1 5 0
傩 2 0 2 1 5 1
雠 2 0 2 1 5 2
隹 2 0 2 1 5 3
雇 3 0 2 1 5 0
窿 3 0 2 1 5 1
僵 2 1 2 1 6 0
僻 2 0 2 4 1 0
仪 2 4 2 0 3 0
侬 2 4 2 3 2 0
儋 2 7 2 6 1 0
詹 2 7 2 6 1 1
傧 2 3 2 8 1 0
侪 2 0 2 2 4 0
尽 7 7 3 0 3 0
偿 2 9 2 3 2 0
俨 2 1 2 0 1 0
步 2 1 2 0 1 1
兀 1 0 2 1 2 0
元 1 0 2 1 2 1
死 1 0 2 1 2 2
霓 1 0 2 1 2 3
兄 6 0 2 1 2 0
四 6 0 2 1 2 1
园 6 0 2 1 2 2
晃 6 0 2 1 2 3
充 0 0 2 1 2 0
兖 0 0 2 1 2 1
庀 0 0 2 1 2 2
庇 0 0 2 1 2 3
庖 0 0 2 1 2 4
庑 0 0 2 1 2 5
竟 0 0 2 1 2 6
竞 0 0 2 1 2 7
鹿 0 0 2 1 2 8
兆 3 2 1 1 3 0
洮 3 2 1 1 3 1
凶 2 2 7 7 0 0
凵 2 2 7 7 0 1
凼 2 2 7 7 0 2
山 2 2 7 7 0 3
幽 2 2 7 7 0 4
豳 2 2 7 7 0 5
光 9 0 2 1 2 0
觉 9 0 2 1 2 1
党 9 0 2 1 2 2
兑 8 0 2 1 2 0
克 4 0 2 1 2 0
獍 4 0 2 1 2 1
免 2 7 4 1 2 0
艋 2 7 4 1 2 1
舰 2 7 4 1 2 2
兔 2 7 4 1 3 0
儿 2 2 0 1 0 0
胤 2 2 0 1 0 1
兕 7 7 2 1 2 0
兜 7 7 2 1 2 1
尼 7 7 2 1 2 2
屁 7 7 2 1 2 3
甩 7 7 2 1 2 4
胞 7 7 2 1 2 5
脆 7 7 2 1 2 6
胫 7 7 2 1 2 7
见 7 7 2 1 2 8
阻 7 7 2 1 2 9
陉 7 7 2 1 2 10
兢 4 4 2 1 2 0
芫 4 4 2 1 2 1
苊 4 4 2 1 2 2
苑 4 4 2 1 2 3
茺 4 4 2 1 2 4
荒 4 4 2 1 2 5
莞 4 4 2 1 2 6
苋 4 4 2 1 2 7
菀 4 4 2 1 2 8
蔸 4 4 2 1 2 9
莸 4 4 2 1 2 10
荛 4 4 2 1 2 11
薨 4 4 2 1 2 12
藐 4 4 2 1 2 13
麓 4 4 2 1 2 14
全 8 0 1 0 4 0
坌 8 0 1 0 4 1
公 8 0 7 3 2 0
会 8 0 7 3 2 1
兹 8 0 7 3 2 2
衾 8 0 7 3 2 3
铉 8 0 7 3 2 4
铱 8 0 7 3 2 5
锿 8 0 7 3 2 6
镶 8 0 7 3 2 7
食 8 0 7 3 2 8
六 0 0 8 0 0 0
兮 8 0 0 2 7 0
共 4 4 8 0 1 0
其 4 4 8 0 1 1
楚 4 4 8 0 1 2
萁 4 4 8 0 1 3
兵 7 2 8 0 1 0
鬓 7 2 8 0 1 1
具 7 7 8 0 1 0
巽 7 7 8 0 1 1
舆 7 7 8 0 1 2
典 5 5 8 0 1 0
兼 8 0 2 3 7 0
冀 1 2 8 0 1 0
圆 6 0 8 0 2 0
冉 5 0 4 4 7 0
再 1 0 4 4 7 0
孬 1 0 4 4 7 1
聂 1 0 4 4 7 2
冒 6 0 6 0 0 0
吕 6 0 6 0 0 1
回 6 0 6 0 0 2
昌 6 0 6 0 0 3
冕 6 0 4 1 2 0
冖 3 7 0 2 0 0
冗 3 7 2 1 7 0
祀 3 7 2 1 7 1
闶 3 7 2 1 7 2
冠 3 7 2 1 4 0
冢 3 7 2 3 2 0
裉 3 7 2 3 2 1
冤 3 7 4 1 3 0
冥 3 7 8 0 0 0
幂 3 7 2 2 7 0
祁 3 7 2 2 7 1
闹 3 7 2 2 7 2
鹇 3 7 2 2 7 3
冫 3 0 1 0 0 0
冬 2 7 3 0 3 0
冰 3 2 1 9 0 0
冱 3 1 1 1 2 0
江 3 1 1 1 2 1
沅 3 1 1 1 2 2
溉 3 1 1 1 2 3
冶 3 3 1 6 0 0
治 3 3 1 6 0 1
冷 3 8 1 3 2 0
凇 3 8 1 3 2 1
泠 3 8 1 3 2 2
淞 3 8 1 3 2 3
滋 3 8 1 3 2 4
浍 3 8 1 3 2 5
冼 3 4 1 1 2 0
池 3 4 1 1 2 1
沈 3 4 1 1 2 2
洗 3 4 1 1 2 3
溘 3 4 1 1 2 4
准 3 0 1 1 5 0
淮 3 0 1 1 5 1
潼 3 0 1 1 5 2
濉 3 0 1 1 5 3
潍 3 0 1 1 5 4
滩 3 0 1 1 5 5
净 3 7 1 5 7 0
凋 3 7 1 2 0 0
沏 3 7 1 2 0 1
泖 3 7 1 2 0 2
洞 3 7 1 2 0 3
洵 3 7 1 2 0 4
淘 3 7 1 2 0 5
湖 3 7 1 2 0 6
沟 3 7 1 2 0 7
溯 3 7 1 2 0 8
润 3 7 1 2 0 9
潮 3 7 1 2 0 10
涧 3 7 1 2 0 11
澜 3 7 1 2 0 12
凌 3 4 1 4 7 0
波 3 4 1 4 7 1
冻 3 4 1 9 4 0
渫 3 4 1 9 4 1
凛 3 0 1 9 1 0
凝 3 7 1 8 1 0
几 7 7 2 1 0 0
凡 7 7 2 1 0 1
凰 7 7 2 1 0 2
夙 7 7 2 1 0 3
肌 7 7 2 1 0 4
风 7 7 2 1 0 5
凤 7 7 2 1 0 6
处 2 3 4 0 0 0
凯 2 7 7 1 0 0
饥 2 7 7 1 0 1
凳 1 2 2 1 7 0
出 2 2 7 7 2 0
函 1 7 7 7 2 0
刀 1 7 2 2 0 0
殉 1 7 2 2 0 1
翮 1 7 2 2 0 2
刂 2 2 0 0 0 0
川 2 2 0 0 0 1
刃 1 7 3 2 0 0
分 8 0 2 2 7 0
剪 8 0 2 2 7 1
弟 8 0 2 2 7 2
爷 8 0 2 2 7 3
禽 8 0 2 2 7 4
龠 8 0 2 2 7 5
切 4 7 7 2 0 0
却 4 7 7 2 0 1
刈 4 2 0 0 0 0
刊 1 2 4 0 0 0
刑 1 2 4 0 0 1
刍 2 7 1 7 7 0
绉 2 7 1 7 7 1
划 5 2 0 0 0 0
捌 5 2 0 0 0 1
刖 7 2 2 0 0 0
刷 7 2 2 0 0 1
刚 7 2 2 0 0 2
劂 7 2 2 0 0 3
剧 7 2 2 0 0 4
列 1 2 2 0 0 0
引 1 2 2 0 0 1
初 3 7 2 2 0 0
祠 3 7 2 2 0 1
翩 3 7 2 2 0 2
裥 3 7 2 2 0 3
判 9 2 5 0 0 0
别 6 2 4 0 0 0
劫 4 4 7 2 7 0
勘 4 4 7 2 7 1
茆 4 4 7 2 7 2
茚 4 4 7 2 7 3
萄 4 4 7 2 7 4
葛 4 4 7 2 7 5
蔼 4 4 7 2 7 6
刨 2 2 7 0 0 0
剀 2 2 7 0 0 1
利 2 2 9 0 0 0
剩 2 2 9 0 0 1
剿 2 2 9 0 0 2
删 7 2 4 0 0 0
刮 2 2 6 0 0 0
到 1 2 1 0 0 0
刭 1 2 1 0 0 1
刳 4 2 2 0 0 0
猁 4 2 2 0 0 1
蒯 4 2 2 0 0 2
剁 7 2 9 0 0 0
券 9 0 2 2 7 0
尚 9 0 2 2 7 1
常 9 0 2 2 7 2
肖 9 0 2 2 7 3
刺 5 2 9 0 0 0
剌 5 2 9 0 0 1
刻 0 2 8 0 0 0
剃 8 2 2 0 0 0
则 7 2 8 0 0 0
削 9 2 2 0 0 0
刹 4 2 9 0 0 0
剔 6 2 2 0 0 0
剐 6 2 2 0 0 1
剖 0 2 6 0 0 0
剜 3 2 2 0 0 0
剥 1 2 9 0 0 0
剽 1 2 9 0 0 1
水 1 2 9 0 0 2
剞 4 2 6 0 0 0
剡 9 2 8 0 0 0
剑 8 2 1 0 0 0
剂 0 2 2 0 0 0
副 1 2 6 0 0 0
硎 1 2 6 0 0 1
酬 1 2 6 0 0 2
割 3 2 6 0 0 0
创 8 2 7 0 0 0
刽 8 2 7 0 0 1
钊 8 2 7 0 0 2
钏 8 2 7 0 0 3
铡 8 2 7 0 0 4
劁 2 2 3 0 0 0
劈 7 0 2 2 7 0
肪 7 0 2 2 7 1
膀 7 0 2 2 7 2
臂 7 0 2 2 7 3
防 7 0 2 2 7 4
刘 0 2 4 0 0 0
劐 4 2 4 0 0 0
荆 4 2 4 0 0 1
功 1 4 1 2 7 0
劲 1 4 1 2 7 1
勐 1 4 1 2 7 2
加 4 6 0 0 0 0
劣 9 0 4 2 7 0
助 7 4 1 2 7 0
努 4 7 4 2 7 0
奶 4 7 4 2 7 1
娜 4 7 4 2 7 2
婿 4 7 4 2 7 3
妈 4 7 4 2 7 4
鹁 4 7 4 2 7 5
劬 2 4 6 2 7 0
劭 1 4 6 2 7 0
劳 4 4 4 2 7 0
勃 4 4 4 2 7 1
募 4 4 4 2 7 2
妫 4 4 4 2 7 3
荔 4 4 4 2 7 4
蒴 4 4 4 2 7 5
劾 0 4 8 2 7 0
勇 1 7 4 2 7 0
耶 1 7 4 2 7 1
邗 1 7 4 2 7 2
邢 1 7 4 2 7 3
勉 2 4 4 1 2 0
勒 4 4 5 2 7 0
苇 4 4 5 2 7 1
鞴 4 4 5 2 7 2
动 1 4 7 2 7 0
勖 6 4 6 2 7 0
务 2 7 4 2 7 0
郛 2 7 4 2 7 1
郫 2 7 4 2 7 2
鸨 2 7 4 2 7 3
鹎 2 7 4 2 7 4
勋 6 4 8 2 7 0
胜 7 5 2 1 0 0
勤 4 4 1 2 7 0
坳 4 4 1 2 7 1
垮 4 4 1 2 7 2
荡 4 4 1 2 7 3
翥 4 4 1 2 7 4
药 4 4 1 2 7 5
蒲 4 4 1 2 7 6
蓊 4 4 1 2 7 7
茑 4 4 1 2 7 8
蓦 4 4 1 2 7 9
莺 4 4 1 2 7 10
劝 7 4 4 2 7 0
勰 4 6 4 3 0 0
媳 4 6 4 3 0 1
劢 1 4 2 2 7 0
励 7 4 2 2 7 0
肋 7 4 2 2 7 1
肭 7 4 2 2 7 2
胯 7 4 2 2 7 3
腩 7 4 2 2 7 4
隋 7 4 2 2 7 5
勹 2 7 0 2 0 0
勺 2 7 3 2 0 0
匀 2 7 1 2 0 0
约 2 7 1 2 0 1
纫 2 7 1 2 0 2
绚 2 7 1 2 0 3
绸 2 7 1 2 0 4
纲 2 7 1 2 0 5
绷 2 7 1 2 0 6
鲷 2 7 1 2 0 7
鲫 2 7 1 2 0 8
勾 2 7 7 2 0 0
匈 2 7 7 2 0 1
岣 2 7 7 2 0 2
峋 2 7 7 2 0 3
峒 2 7 7 2 0 4
幻 2 7 7 2 0 5
饲 2 7 7 2 0 6
饷 2 7 7 2 0 7
包 2 7 7 1 2 0
岘 2 7 7 1 2 1
彘 2 7 7 1 2 2
觊 2 7 7 1 2 3
饱 2 7 7 1 2 4
龅 2 7 7 1 2 5
龃 2 7 7 1 2 6
匆 2 7 4 2 0 0
翱 2 7 4 2 0 1
匏 4 7 2 1 2 0
犯 4 7 2 1 2 1
狃 4 7 2 1 2 2
狍 4 7 2 1 2 3
狙 4 7 2 1 2 4
猊 4 7 2 1 2 5
猛 4 7 2 1 2 6
匐 2 7 6 2 0 0
句 2 7 6 2 0 1
旬 2 7 6 2 0 2
甸 2 7 6 2 0 3
的 2 7 6 2 0 4
翻 2 7 6 2 0 5
訇 2 7 6 2 0 6
匕 2 2 7 1 0 0
比 2 2 7 1 0 1
龇 2 2 7 1 0 2
北 1 2 1 1 0 0
匙 6 2 8 0 1 0
匝 7 1 7 1 2 0
匠 7 1 7 1 2 1
匾 7 1 7 1 2 2
既 7 1 7 1 2 3
臣 7 1 7 1 2 4
匡 7 1 7 1 1 0
匪 7 1 7 1 1 1
匦 7 1 7 1 1 2
匹 7 1 7 1 1 3
匣 7 1 7 1 5 0
汇 3 1 1 1 0 0
匮 7 1 7 1 8 0
医 7 1 7 1 8 1
匿 7 1 7 1 6 0
叵 7 1 7 1 6 1
区 7 1 7 1 4 0
十 4 0 0 0 0 0
千 2 0 4 0 0 0
卅 4 4 0 0 0 0
廾 4 4 0 0 0 1
艹 4 4 0 0 0 2
升 2 4 4 0 0 0
午 8 0 4 0 0 0
攵 8 0 4 0 0 1
父 8 0 4 0 0 2
卉 4 0 4 4 0 0
半 9 0 5 0 0 0
卑 2 6 4 0 0 0
卓 2 1 4 0 6 0
颦 2 1 4 0 6 1
协 4 4 0 3 0 0
博 4 3 0 4 2 0
卜 2 3 0 0 0 0
卟 6 3 0 0 0 0
吣 6 3 0 0 0 1
占 2 1 6 0 0 0
卣 2 1 6 0 0 1
卤 2 1 6 0 0 2
卦 4 3 1 0 0 0
式 4 3 1 0 0 1
卮 7 2 2 1 2 0
髡 7 2 2 1 2 1
卯 7 7 7 2 0 0
印 7 7 7 2 0 1
即 7 7 7 2 0 2
卵 7 7 7 2 0 3
卿 7 7 7 2 0 4
卷 9 0 7 1 2 0
卸 8 7 1 2 0 0
卺 1 7 7 1 2 0
厄 7 1 2 1 2 0
厩 7 1 2 1 2 1
朊 7 1 2 1 2 2
肛 7 1 2 1 2 3
阢 7 1 2 1 2 4
阮 7 1 2 1 2 5
陋 7 1 2 1 2 6
厍 7 1 2 5 4 0
厚 7 1 2 4 7 0
厦 7 1 2 4 7 1
厅 7 1 2 2 1 0
厮 7 1 2 2 1 1
陟 7 1 2 2 1 2
厝 7 1 2 6 1 0
原 7 1 2 9 6 0
厥 7 1 2 8 2 0
赝 7 1 2 8 2 1
顾 7 1 2 8 2 2
颀 7 1 2 8 2 3
厌 7 1 2 8 4 0
厉 7 1 2 2 7 0
历 7 1 2 2 7 1
肟 7 1 2 2 7 2
膈 7 1 2 2 7 3
隔 7 1 2 2 7 4
厣 7 1 2 5 6 0
厶 2 0 7 3 0 0
去 4 0 7 3 2 0
丧 4 0 7 3 2 1
套 4 0 7 3 2 2
袁 4 0 7 3 2 3
农 4 0 7 3 2 4
参 2 3 2 0 2 0
叁 2 3 1 0 1 0
叉 7 7 4 0 3 0
及 1 7 2 4 7 0
殁 1 7 2 4 7 1
友 4 0 4 0 7 0
孛 4 0 4 0 7 1
支 4 0 4 0 7 2
李 4 0 4 0 7 3
反 7 2 2 4 7 0
脬 7 2 2 4 7 1
阪 7 2 2 4 7 2
叔 2 7 9 4 0 0
取 1 7 4 4 0 0
受 2 0 4 0 7 0
孚 2 0 4 0 7 1
季 2 0 4 0 7 2
爱 2 0 4 0 7 3
爰 2 0 4 0 7 4
叛 9 2 5 4 7 0
叟 7 7 4 0 7 0
殳 7 7 4 0 7 1
丛 8 8 1 0 0 0
口 6 0 0 0 0 0
囗 6 0 0 0 0 1
旷 6 0 0 0 0 2
古 4 0 6 0 0 0
右 4 0 6 0 0 1
另 6 0 4 2 7 0
男 6 0 4 2 7 1
叨 6 7 0 2 0 0
叩 6 7 0 2 0 1
叼 6 7 0 2 0 2
吻 6 7 0 2 0 3
响 6 7 0 2 0 4
唧 6 7 0 2 0 5
啕 6 7 0 2 0 6
嗍 6 7 0 2 0 7
嘲 6 7 0 2 0 8
昀 6 7 0 2 0 9
明 6 7 0 2 0 10
晌 6 7 0 2 0 11
哟 6 7 0 2 0 12
只 6 0 8 0 0 0
囚 6 0 8 0 0 1
叫 6 2 0 0 0 0
吲 6 2 0 0 0 1
咧 6 2 0 0 0 2
唰 6 2 0 0 0 3
喇 6 2 0 0 0 4
召 1 7 6 0 2 0
叭 6 8 0 0 0 0
叮 6 1 0 2 0 0
呵 6 1 0 2 0 1
啊 6 1 0 2 0 2
町 6 1 0 2 0 3
盯 6 1 0 2 0 4
可 1 0 6 2 0 0
台 2 3 6 0 0 0
叱 6 4 0 1 0 0
吐 6 4 0 1 0 1
司 1 7 6 2 0 0
矽 1 7 6 2 0 1
砌 1 7 6 2 0 2
硐 1 7 6 2 0 3
硼 1 7 6 2 0 4
碉 1 7 6 2 0 5
酌 1 7 6 2 0 6
酮 1 7 6 2 0 7
醐 1 7 6 2 0 8
叻 6 4 0 2 7 0
呐 6 4 0 2 7 1
呦 6 4 0 2 7 2
唏 6 4 0 2 7 3
喃 6 4 0 2 7 4
嘞 6 4 0 2 7 5
唠 6 4 0 2 7 6
噶 6 4 0 2 7 7
嚆 6 4 0 2 7 8
瞒 6 4 0 2 7 9
吁 6 1 0 4 0 0
呀 6 1 0 4 0 1
旰 6 1 0 4 0 2
盱 6 1 0 4 0 3
吃 6 8 0 1 7 0
吆 6 2 0 3 2 0
哌 6 2 0 3 2 1
眨 6 2 0 3 2 2
合 8 0 6 0 1 0
善 8 0 6 0 1 1
普 8 0 6 0 1 2
兽 8 0 6 0 1 3
吉 4 0 6 0 1 0
喜 4 0 6 0 1 1
啬 4 0 6 0 1 2
旮 4 0 6 0 1 3
名 2 7 6 0 2 0
磐 2 7 6 0 2 1
后 7 2 2 6 1 0
脂 7 2 2 6 1 1
吒 6 2 0 1 4 0
吓 6 1 0 3 0 0
吖 6 8 0 2 7 0
吟 6 8 0 2 7 1
吩 6 8 0 2 7 2
嗡 6 8 0 2 7 3
嗲 6 8 0 2 7 4
噙 6 8 0 2 7 5
盼 6 8 0 2 7 6
睇 6 8 0 2 7 7
君 1 7 6 0 7 0
吝 0 0 6 0 4 0
吞 1 0 6 0 8 0
吠 6 3 0 8 4 0
唉 6 3 0 8 4 1
唳 6 3 0 8 4 2
畎 6 3 0 8 4 3
吡 6 2 0 1 0 0
吼 6 2 0 1 0 1
呲 6 2 0 1 0 2
毗 6 2 0 1 0 3
眦 6 2 0 1 0 4
否 1 0 6 0 9 0
吧 6 7 0 1 7 0
含 8 0 6 0 2 0
首 8 0 6 0 2 1
吭 6 0 0 1 7 0
吮 6 3 0 1 2 0
畹 6 3 0 1 2 1
吱 6 4 0 4 7 0
哮 6 4 0 4 7 1
啵 6 4 0 4 7 2
吴 6 0 8 0 4 0
因 6 0 8 0 4 1
昊 6 0 8 0 4 2
吵 6 9 0 2 0 0
眇 6 9 0 2 0 1
吸 6 7 0 4 7 0
啜 6 7 0 4 7 1
嗖 6 7 0 4 7 2
暇 6 7 0 4 7 3
眠 6 7 0 4 7 4
瞍 6 7 0 4 7 5
吹 6 7 0 8 2 0
呗 6 7 0 8 2 1
嗽 6 7 0 8 2 2
吾 1 0 6 0 1 0
晋 1 0 6 0 1 1
雷 1 0 6 0 1 2
呃 6 1 0 1 2 0
咂 6 1 0 1 2 1
哑 6 1 0 1 2 2
呒 6 1 0 1 2 3
嘘 6 1 0 1 2 4
呆 6 0 9 0 4 0
困 6 0 9 0 4 1
杲 6 0 9 0 4 2
果 6 0 9 0 4 3
呈 6 0 1 0 4 0
墨 6 0 1 0 4 1
告 2 4 6 0 1 0
呋 6 5 0 8 0 0
映 6 5 0 8 0 1
呔 6 4 0 3 0 0
呢 6 7 0 1 2 0
咀 6 7 0 1 2 1
咆 6 7 0 1 2 2
晚 6 7 0 1 2 3
昵 6 7 0 1 2 4
睨 6 7 0 1 2 5
呤 6 8 0 3 2 0
哙 6 8 0 3 2 1
呱 6 2 0 3 0 0
味 6 5 0 9 0 0
昧 6 5 0 9 0 1
睐 6 5 0 9 0 2
呶 6 7 0 4 0 0
叹 6 7 0 4 0 1
呷 6 6 0 5 0 0
呸 6 1 0 1 9 0
呻 6 5 0 0 6 0
呼 6 2 0 4 9 0
暖 6 2 0 4 9 1
命 8 0 6 2 7 0
咄 6 2 0 7 2 0
咋 6 8 0 1 1 0
昨 6 8 0 1 1 1
和 2 6 9 0 0 0
咎 2 3 6 0 4 0
昝 2 3 6 0 4 1
咐 6 4 0 0 0 0
时 6 4 0 0 0 1
叶 6 4 0 0 0 2
咒 6 6 2 1 7 0
咔 6 1 0 3 1 0
咕 6 4 0 6 0 0
喵 6 4 0 6 0 1
睹 6 4 0 6 0 2
瞄 6 4 0 6 0 3
咖 6 6 0 0 0 0
咽 6 6 0 0 0 1
咚 6 7 0 3 3 0
咣 6 9 0 1 2 0
咤 6 3 0 1 4 0
噻 6 3 0 1 4 1
咙 6 3 0 1 4 2
咦 6 5 0 8 2 0
啧 6 5 0 8 2 1
咨 3 7 6 0 8 0
咩 6 8 0 5 1 0
咪 6 9 0 9 4 0
眯 6 9 0 9 4 1
咫 7 6 8 0 8 0
咬 6 0 0 4 8 0
啐 6 0 0 4 8 1
咭 6 4 0 6 1 0
嗒 6 4 0 6 1 1
嗜 6 4 0 6 1 2
嘻 6 4 0 6 1 3
咯 6 7 0 6 4 0
略 6 7 0 6 4 1
咱 6 6 0 0 2 0
啪 6 6 0 0 2 1
咳 6 0 0 8 2 0
咴 6 4 0 8 9 0
咸 5 3 2 0 0 0
威 5 3 2 0 0 1
戊 5 3 2 0 0 2
戌 5 3 2 0 0 3
戍 5 3 2 0 0 4
成 5 3 2 0 0 5
戚 5 3 2 0 0 6
咻 6 4 0 9 0 0
啉 6 4 0 9 0 1
呙 6 0 2 2 7 0
囫 6 0 2 2 7 1
囿 6 0 2 2 7 2
圃 6 0 2 2 7 3
圊 6 0 2 2 7 4
吊 6 0 2 2 7 5
易 6 0 2 2 7 6
禺 6 0 2 2 7 7
罱 6 0 2 2 7 8
胃 6 0 2 2 7 9
咿 6 7 0 0 7 0
哀 0 0 7 3 2 0
玄 0 0 7 3 2 1
衣 0 0 7 3 2 2
衰 0 0 7 3 2 3
衷 0 0 7 3 2 4
衮 0 0 7 3 2 5
袤 0 0 7 3 2 6
裒 0 0 7 3 2 7
裹 0 0 7 3 2 8
褒 0 0 7 3 2 9
亵 0 0 7 3 2 10
襄 0 0 7 3 2 11
饔 0 0 7 3 2 12
品 6 0 6 6 0 0
晶 6 0 6 6 0 1
哂 6 1 0 6 4 0
晒 6 1 0 6 4 1
哄 6 4 0 8 1 0
嗔 6 4 0 8 1 1
嚏 6 4 0 8 1 2
哆 6 7 0 2 7 0
哪 6 7 0 2 7 1
啷 6 7 0 2 7 2
吗 6 7 0 2 7 3
呜 6 7 0 2 7 4
嘟 6 7 0 2 7 5
嘱 6 7 0 2 7 6
眵 6 7 0 2 7 7
瞩 6 7 0 2 7 8
鸣 6 7 0 2 7 9
哇 6 4 0 1 4 0
喹 6 4 0 1 4 1
畦 6 4 0 1 4 2
眭 6 4 0 1 4 3
睦 6 4 0 1 4 4
哈 6 8 0 6 1 0
哉 4 3 6 5 0 0
哎 6 4 0 4 0 0
哏 6 7 0 3 2 0
唿 6 7 0 3 2 1
喙 6 7 0 3 2 2
嗵 6 7 0 3 2 3
眼 6 7 0 3 2 4
哐 6 1 0 1 1 0
啡 6 1 0 1 1 1
哚 6 7 0 9 4 0
嗓 6 7 0 9 4 1
哞 6 3 0 5 0 0
哦 6 3 0 5 0 1
喊 6 3 0 5 0 2
嘁 6 3 0 5 0 3
眸 6 3 0 5 0 4
员 6 0 8 2 7 0
哥 1 0 6 2 1 0
哧 6 4 0 3 1 0
哨 6 9 0 2 7 0
哩 6 6 0 1 5 0
哭 6 6 8 0 4 0
哲 5 2 6 0 2 0
哳 6 2 0 2 1 0
嘶 6 2 0 2 1 1
昕 6 2 0 2 1 2
晰 6 2 0 2 1 3
听 6 2 0 2 1 4
哺 6 3 0 2 7 0
晡 6 3 0 2 7 1
哼 6 0 0 2 7 0
唷 6 0 0 2 7 1
啼 6 0 0 2 7 2
嘀 6 0 0 2 7 3
号 6 0 0 2 7 4
哽 6 1 0 4 6 0
哿 4 6 6 2 1 0
唁 6 0 0 6 1 0
喑 6 0 0 6 1 1
暗 6 0 0 6 1 2
唆 6 3 0 4 7 0
睃 6 3 0 4 7 1
唇 7 1 2 6 3 0
唐 0 0 2 6 5 0
庙 0 0 2 6 5 1
唑 6 8 0 1 4 0
唔 6 1 0 6 1 0
晤 6 1 0 6 1 1
唣 6 6 0 1 4 0
唪 6 5 0 5 8 0
唬 6 1 0 1 7 0
售 2 0 6 0 1 0
唯 6 0 0 1 5 0
疃 6 0 0 1 5 1
睢 6 0 0 1 5 2
瞳 6 0 0 1 5 3
唱 6 6 0 6 0 0
念 8 0 3 3 2 0
忿 8 0 3 3 2 1
愈 8 0 3 3 2 2
煎 8 0 3 3 2 3
唼 6 0 0 4 4 0
唾 6 2 0 1 5 0
睡 6 2 0 1 5 1
啁 6 7 0 2 6 0
啃 6 1 0 2 7 0
嗝 6 1 0 2 7 1
嚅 6 1 0 2 7 2
呖 6 1 0 2 7 3
眄 6 1 0 2 7 4
啄 6 1 0 3 2 0
噱 6 1 0 3 2 1
商 0 0 2 2 7 0
市 0 0 2 2 7 1
帝 0 0 2 2 7 2
席 0 0 2 2 7 3
庸 0 0 2 2 7 4
廊 0 0 2 2 7 5
廓 0 0 2 2 7 6
斋 0 0 2 2 7 7
方 0 0 2 2 7 8
旁 0 0 2 2 7 9
肓 0 0 2 2 7 10
育 0 0 2 2 7 11
腐 0 0 2 2 7 12
膏 0 0 2 2 7 13
膺 0 0 2 2 7 14
脔 0 0 2 2 7 15
裔 0 0 2 2 7 16
高 0 0 2 2 7 17
鹰 0 0 2 2 7 18
问 3 7 6 0 1 0
间 3 7 6 0 1 1
阃 3 7 6 0 1 2
启 3 0 2 6 7 0
啖 6 9 0 8 9 0
啤 6 6 0 4 0 0
睥 6 6 0 4 0 1
啥 6 8 0 6 4 0
啦 6 0 0 1 8 0
啶 6 3 0 8 1 0
啻 0 0 6 0 2 0
啾 6 9 0 8 0 0
瞅 6 9 0 8 0 1
喀 6 3 0 6 4 0
喁 6 6 0 2 7 0
喝 6 6 0 2 7 1
喟 6 6 0 2 7 2
喂 6 6 0 3 2 0
喈 6 2 0 6 2 0
喉 6 7 0 8 4 0
唤 6 7 0 8 4 1
噢 6 7 0 8 4 2
喋 6 4 0 9 4 0
喏 6 4 0 6 4 0
喔 6 7 0 1 4 0
喘 6 2 0 2 7 0
嘣 6 2 0 2 7 1
嘴 6 2 0 2 7 2
哕 6 2 0 2 7 3
喧 6 3 0 1 6 0
暄 6 3 0 1 6 1
乔 2 0 2 2 8 0
单 8 0 5 0 6 0
喱 6 1 0 1 5 0
嚯 6 1 0 1 5 1
喳 6 4 0 1 6 0
营 4 4 6 0 6 0
莒 4 4 6 0 6 1
菖 4 4 6 0 6 2
喻 6 8 0 2 1 0
嗄 6 1 0 4 7 0
嗫 6 1 0 4 7 1
嗅 6 6 0 8 4 0
呛 6 8 0 1 2 0
嗌 6 8 0 1 2 1
嗟 6 8 0 1 2 2
嗉 6 5 0 9 3 0
嗑 6 4 0 1 2 0
眈 6 4 0 1 2 1
瞌 6 4 0 1 2 2
嗣 6 7 2 2 6 0
嗤 6 2 0 3 6 0
嗥 6 6 0 4 8 0
嗦 6 4 0 9 3 0
嗨 6 8 0 5 7 0
晦 6 8 0 5 7 1
唢 6 9 0 8 2 0
嗪 6 5 0 9 4 0
嗬 6 4 0 2 1 0
畸 6 4 0 2 1 1
嗯 6 6 0 3 0 0
哔 6 2 0 4 1 0
嗷 6 8 0 4 0 0
暾 6 8 0 4 0 1
畋 6 8 0 4 0 2
瞰 6 8 0 4 0 3
嗾 6 8 0 8 4 0
嘈 6 5 0 6 6 0
嘉 4 0 4 6 1 0
嘌 6 1 0 9 1 0
瞟 6 1 0 9 1 1
喽 6 9 0 4 4 0
嘎 6 1 0 5 3 0
嘏 4 7 6 4 7 0
呕 6 1 0 1 4 0
旺 6 1 0 1 4 1
睚 6 1 0 1 4 2
眍 6 1 0 1 4 3
尝 9 0 7 3 2 0
裳 9 0 7 3 2 1
嘛 6 0 0 9 4 0
唛 6 5 0 4 7 0
嘧 6 3 0 7 2 0
啸 6 5 0 2 7 0
晴 6 5 0 2 7 1
睛 6 5 0 2 7 2
哗 6 4 0 4 1 0
晔 6 4 0 4 1 1
嘬 6 6 0 4 7 0
嘭 6 2 0 2 2 0
叽 6 7 0 1 0 0
哓 6 5 0 1 2 0
晓 6 5 0 1 2 1
嘹 6 4 0 9 6 0
嘿 6 6 0 3 1 0
恶 1 0 3 3 1 0
噌 6 8 0 6 6 0
噍 6 0 0 3 1 0
瞧 6 0 0 3 1 1
噎 6 4 0 1 8 0
噔 6 2 0 1 8 0
瞪 6 2 0 1 8 1
噗 6 2 0 8 5 0
噘 6 1 0 8 2 0
啮 6 1 0 7 2 0
咝 6 2 0 1 1 0
哒 6 4 0 3 8 0
噤 6 4 0 9 1 0
哝 6 4 0 3 2 0
器 6 6 6 6 8 0
嚣 6 6 6 6 8 1
噪 6 6 0 9 4 0
噫 6 0 3 6 1 0
黯 6 0 3 6 1 1
噬 6 8 0 1 8 0
嗳 6 2 0 4 7 0
暧 6 2 0 4 7 1
畈 6 2 0 4 7 2
喷 6 4 0 8 2 0
吨 6 5 0 1 7 0
盹 6 5 0 1 7 1
当 9 0 1 7 7 0
噼 6 0 0 4 1 0
咛 6 3 0 2 1 0
哜 6 0 0 2 4 0
嚎 6 0 0 3 2 0
嚷 6 0 0 3 2 1
眩 6 0 0 3 2 2
嚓 6 3 0 9 1 0
噜 6 7 0 6 1 0
瞻 6 7 0 6 1 1
喾 9 0 6 0 1 0
誊 9 0 6 0 1 1
誉 9 0 6 0 1 2
敢 1 8 4 4 0 0
孜 1 8 4 4 0 1
嘤 6 7 0 4 4 0
嚼 6 2 0 4 6 0
啭 6 5 0 3 2 0
囔 6 5 0 3 2 1
冁 8 7 5 3 2 0
呓 6 4 0 1 7 0
囊 5 0 7 3 2 0
表 5 0 7 3 2 1
苏 4 4 3 3 0 0
芯 4 4 3 3 0 1
囝 6 0 4 0 7 0
曼 6 0 4 0 7 1
囟 2 6 0 0 0 0
囱 2 6 0 0 0 1
白 2 6 0 0 0 2
自 2 6 0 0 0 3
旧 2 6 0 0 0 4
囡 6 0 4 0 4 0
晏 6 0 4 0 4 1
囤 6 0 7 1 7 0
邑 6 0 7 1 7 1
围 6 0 5 2 7 0
羁 6 0 5 2 7 1
图 6 0 3 0 3 0
囹 6 0 3 0 2 0
固 6 0 6 0 4 0
晷 6 0 6 0 4 1
暑 6 0 6 0 4 2
罟 6 0 6 0 4 3
署 6 0 6 0 4 4
圄 6 0 6 0 1 0
詈 6 0 6 0 1 1
囵 6 0 7 1 2 0
圈 6 0 7 1 2 1
昆 6 0 7 1 2 2
圉 6 0 4 0 1 0
旱 6 0 4 0 1 1
国 6 0 1 0 3 0
团 6 0 2 4 0 0
圜 6 0 7 3 2 0
昙 6 0 7 3 2 1
曩 6 0 7 3 2 2
畏 6 0 7 3 2 3
罢 6 0 7 3 2 4
土 4 0 1 0 0 0
圹 4 0 1 0 0 1
士 4 0 1 0 0 2
压 7 1 2 1 3 0
魇 7 1 2 1 3 1
在 4 0 2 1 4 0
圩 4 1 1 4 0 0
圪 4 8 1 1 7 0
圬 4 1 1 2 7 0
塥 4 1 1 2 7 1
坜 4 1 1 2 7 2
圭 4 0 1 0 4 0
奎 4 0 1 0 4 1
圮 4 7 1 1 7 0
圯 4 7 1 1 7 1
地 4 4 1 1 2 0
埴 4 4 1 1 2 1
范 4 4 1 1 2 2
茈 4 4 1 1 2 3
茳 4 4 1 1 2 4
菹 4 4 1 1 2 5
荭 4 4 1 1 2 6
蔬 4 4 1 1 2 7
蕴 4 4 1 1 2 8
圳 4 2 1 0 0 0
圻 4 2 1 2 1 0
圾 4 7 1 4 7 0
埠 4 7 1 4 7 1
址 4 1 1 1 0 0
坂 4 2 1 4 7 0
均 4 7 1 2 0 0
垌 4 7 1 2 0 1
堋 4 7 1 2 0 2
坊 4 0 1 2 7 0
墉 4 0 1 2 7 1
墒 4 0 1 2 7 2
坍 4 7 1 4 0 0
坎 4 7 1 8 2 0
坝 4 7 1 8 2 1
坐 8 8 1 0 4 0
筌 8 8 1 0 4 1
篁 8 8 1 0 4 2
坑 4 0 1 1 7 0
坡 4 4 1 4 7 0
菠 4 4 1 4 7 1
鼓 4 4 1 4 7 2
坤 4 5 1 0 6 0
坦 4 6 1 1 0 0
坨 4 3 1 1 2 0
垸 4 3 1 1 2 1
坩 4 4 1 7 0 0
坪 4 1 1 4 9 0
坫 4 1 1 6 0 0
坭 4 7 1 1 2 0
觐 4 7 1 1 2 1
坯 4 1 1 1 9 0
坶 4 7 1 5 0 0
坷 4 1 1 2 0 0
坻 4 2 1 4 0 0
坼 4 2 1 4 1 0
埏 4 2 1 4 1 1
垂 2 0 1 0 5 0
重 2 0 1 0 5 1
垃 4 0 1 1 8 0
型 1 2 1 0 4 0
垓 4 0 1 8 2 0
垛 4 7 1 9 4 0
垠 4 7 1 3 2 0
垡 2 3 1 0 4 0
垒 2 3 1 0 4 1
垢 4 2 1 6 1 0
垣 4 1 1 1 6 0
垤 4 1 1 1 4 0
堙 4 1 1 1 4 1
堰 4 1 1 1 4 2
垧 4 7 1 2 6 0
埂 4 1 1 4 6 0
埃 4 3 1 8 4 0
埋 4 6 1 1 5 0
城 4 3 1 5 0 0
域 4 3 1 5 0 1
埒 4 2 1 4 9 0
埔 4 3 1 2 7 0
鸢 4 3 1 2 7 1
埕 4 6 1 1 4 0
埝 4 8 1 3 2 0
垭 4 1 1 1 2 0
墟 4 1 1 1 2 1
埤 4 6 1 4 0 0
埭 4 5 1 9 9 0
埯 4 4 1 1 6 0
执 5 5 0 1 7 0
埸 4 6 1 2 7 0
埚 4 6 1 2 7 1
塄 4 6 1 2 7 2
塌 4 6 1 2 7 3
驾 4 6 1 2 7 4
培 4 0 1 6 1 0
基 4 4 1 0 4 0
茔 4 4 1 0 4 1
墓 4 4 1 0 4 2
耋 4 4 1 0 4 3
芏 4 4 1 0 4 4
荃 4 4 1 0 4 5
薹 4 4 1 0 4 6
埽 4 7 1 2 7 0
场 4 7 1 2 7 1
坞 4 7 1 2 7 2
鄞 4 7 1 2 7 3
驽 4 7 1 2 7 4
堀 4 7 1 7 2 0
堂 9 0 1 0 4 0
尘 9 0 1 0 4 1
坚 2 7 1 0 4 0
壑 2 7 1 0 4 1
堆 4 0 1 1 5 0
堇 4 4 1 0 5 0
董 4 4 1 0 5 1
垩 1 0 1 0 4 0
王 1 0 1 0 4 1
至 1 0 1 0 4 2
堍 4 7 1 1 3 0
垴 4 0 1 7 2 0
堞 4 4 1 9 4 0
藻 4 4 1 9 4 1
堠 4 7 1 8 4 0
堡 2 6 1 0 4 0
皇 2 6 1 0 4 1
堤 4 6 1 8 1 0
堪 4 4 1 1 8 0
报 5 7 0 4 7 0
投 5 7 0 4 7 1
抿 5 7 0 4 7 2
掇 5 7 0 4 7 3
搜 5 7 0 4 7 4
搬 5 7 0 4 7 5
堵 4 4 1 6 0 0
块 4 5 1 8 0 0
塍 7 9 2 1 4 0
膛 7 9 2 1 4 1
垲 4 2 1 1 7 0
塑 8 7 1 0 4 0
埘 4 4 1 0 0 0
封 4 4 1 0 0 1
塔 4 4 1 6 1 0
墙 4 4 1 6 1 1
涂 3 8 1 9 4 0
滁 3 8 1 9 4 1
塘 4 0 1 6 5 0
塞 3 0 1 0 4 0
室 3 0 1 0 4 1
窒 3 0 1 0 4 2
填 4 4 1 8 1 0
埙 4 6 1 8 2 0
盐 4 3 1 0 2 0
塬 4 1 1 9 6 0
堑 4 2 1 0 4 0
塾 0 5 1 0 4 0
墀 4 7 1 5 9 0
墁 4 6 1 4 7 0
境 4 0 1 1 2 0
矗 4 0 1 1 2 1
墅 6 7 1 0 4 0
垫 5 5 1 0 4 0
增 4 8 1 6 6 0
墚 4 3 1 9 4 0
坠 7 8 1 0 4 0
墩 4 8 1 4 0 0
堕 7 4 1 0 4 0
坟 4 0 1 4 0 0
坛 4 1 1 3 2 0
墼 5 7 1 0 4 0
垦 7 7 1 0 4 0
圣 7 7 1 0 4 1
壁 7 0 1 0 4 0
坏 4 1 1 9 0 0
壕 4 0 1 3 2 0
壤 4 0 1 3 2 1
垆 4 1 1 0 7 0
垄 4 3 1 0 4 0
垅 4 3 1 1 4 0
壬 2 0 1 0 4 0
壮 3 4 1 1 0 0
卖 4 0 8 0 4 0
爽 4 0 8 0 4 1
壶 4 0 1 0 2 0
左 4 0 1 0 2 1
盍 4 0 1 0 2 2
盔 4 0 1 0 2 3
直 4 0 1 0 2 4
壹 4 0 1 0 8 0
寿 5 0 3 4 0 0
夂 2 7 4 0 0 0
身 2 7 4 0 0 1
夏 1 0 4 0 7 0
夔 8 0 4 0 7 0
孳 8 0 4 0 7 1
复 8 0 4 0 7 2
夕 2 7 2 0 0 0
夜 0 0 2 4 7 0
庋 0 0 2 4 7 1
度 0 0 2 4 7 2
废 0 0 2 4 7 3
够 2 7 6 2 7 0
邰 2 7 6 2 7 1
郇 2 7 6 2 7 2
郜 2 7 6 2 7 3
鄱 2 7 6 2 7 4
鸲 2 7 6 2 7 5
鸹 2 7 6 2 7 6
鹄 2 7 6 2 7 7
梦 4 4 2 0 7 0
芩 4 4 2 0 7 1
芦 4 4 2 0 7 2
萝 4 4 2 0 7 3
夤 2 7 8 0 6 0
夥 6 7 9 2 7 0
大 4 0 8 0 0 0
天 1 0 8 0 4 0
太 4 0 0 3 0 0
夫 5 0 8 0 0 0
央 5 0 8 0 0 1
夹 5 0 8 0 0 2
夭 2 0 8 0 4 0
奚 2 0 8 0 4 1
夯 4 0 4 2 7 0
妨 4 0 4 2 7 1
嫡 4 0 4 2 7 2
失 2 5 8 0 0 0
夷 5 0 8 0 2 0
责 5 0 8 0 2 1
贵 5 0 8 0 2 2
赉 5 0 8 0 2 3
夸 4 0 0 2 7 0
夼 4 0 2 2 8 0
奄 4 0 7 1 6 0
奇 4 0 6 2 1 0
奈 4 0 9 0 1 0
柰 4 0 9 0 1 1
奉 5 0 5 0 8 0
奏 5 0 8 0 4 0
奂 2 7 8 0 4 0
奥 2 7 8 0 4 1
契 5 7 8 0 4 0
奔 4 0 4 4 4 0
奕 0 0 8 0 4 0
奘 2 4 8 0 4 0
奠 8 0 8 0 4 0
矢 8 0 8 0 4 1
美 8 0 8 0 4 2
羹 8 0 8 0 4 3
关 8 0 8 0 4 4
奢 4 0 6 0 4 0
奖 3 7 8 0 4 0
阒 3 7 8 0 4 1
阕 3 7 8 0 4 2
奁 4 0 7 1 4 0
夺 4 0 3 4 8 0
奋 4 0 6 0 8 0
丿 2 0 0 0 0 0
奴 4 7 4 4 0 0
姗 4 7 4 4 0 1
奸 4 1 4 4 0 0
妍 4 1 4 4 0 1
她 4 4 4 1 2 0
姥 4 4 4 1 2 1
芤 4 4 4 1 2 2
芜 4 4 4 1 2 3
好 4 7 4 4 7 0
嫂 4 7 4 4 7 1
妁 4 7 4 2 0 0
娴 4 7 4 2 0 1
朝 4 7 4 2 0 2
麴 4 7 4 2 0 3
如 4 6 4 0 0 0
姻 4 6 4 0 0 1
妃 4 7 4 1 7 0
妄 0 0 4 0 4 0
妾 0 0 4 0 4 1
娈 0 0 4 0 4 2
妊 4 2 4 1 4 0
妒 4 3 4 0 7 0
妓 4 4 4 4 7 0
苒 4 4 4 4 7 1
蕞 4 4 4 4 7 2
妖 4 2 4 8 4 0
妗 4 8 4 2 7 0
娣 4 8 4 2 7 1
翰 4 8 4 2 7 2
妙 4 9 4 2 0 0
妆 3 4 1 4 0 0
汝 3 4 1 4 0 1
妞 4 7 4 1 2 0
妮 4 7 4 1 2 1
姐 4 7 4 1 2 2
娩 4 7 4 1 2 3
妣 4 2 4 1 0 0
妤 4 7 4 2 2 0
妥 2 0 4 0 4 0
委 2 0 4 0 4 1
妯 4 5 4 6 0 0
妲 4 6 4 1 0 0
妹 4 5 4 9 0 0
姝 4 5 4 9 0 1
妻 5 0 4 0 4 0
姆 4 7 4 5 0 0
姊 4 5 4 2 7 0
娉 4 5 4 2 7 1
婧 4 5 4 2 7 2
韩 4 5 4 2 7 3
始 4 3 4 6 0 0
姑 4 4 4 6 0 0
茄 4 4 4 6 0 1
茹 4 4 4 6 0 2
姒 4 8 4 0 0 0
姓 4 5 4 1 0 0
姘 4 8 4 4 1 0
姚 4 2 4 1 3 0
姜 8 0 4 0 4 0
姣 4 0 4 4 8 0
姨 4 5 4 8 2 0
姬 4 1 4 1 2 0
娅 4 1 4 1 2 1
妩 4 1 4 1 2 2
姹 4 3 4 1 4 0
姿 3 7 4 0 4 0
娃 4 4 4 1 4 0
茏 4 4 4 1 4 1
娌 4 6 4 1 5 0
娑 3 9 4 0 4 0
娓 4 7 4 1 4 0
娘 4 3 4 3 2 0
嫁 4 3 4 3 2 1
娱 4 6 4 8 4 0
娟 4 6 4 2 7 0
娲 4 6 4 2 7 1
娠 4 1 4 3 2 0
娥 4 3 4 5 0 0
戟 4 3 4 5 0 1
娶 1 7 4 0 4 0
娼 4 6 4 6 0 0
婀 4 1 4 2 0 0
娄 9 0 4 0 4 0
婆 3 4 4 0 4 0
婉 4 3 4 1 2 0
婊 4 5 4 3 2 0
婕 4 5 4 8 1 0
婚 4 2 4 6 4 0
婢 4 6 4 4 0 0
妇 4 7 4 7 0 0
婪 4 4 4 0 4 0
荽 4 4 4 0 4 1
萋 4 4 4 0 4 2
萎 4 4 4 0 4 3
蒌 4 4 4 0 4 4
婷 4 0 4 2 1 0
婺 1 8 4 0 4 0
媒 4 4 4 9 4 0
媚 4 7 4 6 7 0
媛 4 2 4 4 7 0
嫒 4 2 4 4 7 1
媲 4 6 4 1 7 0
媵 7 9 2 4 4 0
髅 7 9 2 4 4 1
媸 4 2 4 3 6 0
媪 4 6 4 1 2 0
媾 4 5 4 4 7 0
嫉 4 0 4 8 4 0
嫌 4 8 4 3 7 0
嫖 4 1 4 9 1 0
妪 4 1 4 1 4 0
嫘 4 6 4 9 3 0
嫜 4 0 4 4 6 0
嫠 5 8 2 4 4 0
嫣 4 1 4 2 7 0
嫦 4 9 4 2 7 0
嫩 4 8 4 4 0 0
教 4 8 4 4 0 1
斡 4 8 4 4 0 2
嫫 4 4 4 8 4 0
娆 4 5 4 1 2 0
嬉 4 4 4 6 1 0
嫱 4 4 4 6 1 1
婵 4 8 4 5 6 0
娇 4 2 4 2 8 0
嬖 7 0 4 0 4 0
嬗 4 0 4 1 6 0
嬷 4 0 4 3 2 0
嫔 4 3 4 8 1 0
婴 7 7 4 0 4 0
嬲 6 6 4 2 7 0
婶 4 3 4 5 6 0
孀 4 1 4 6 1 0
子 1 7 4 0 7 0
孑 1 7 4 0 7 1
孓 1 7 4 0 7 2
孕 1 7 4 0 7 3
孔 1 2 4 1 0 0
字 3 0 4 0 7 0
存 4 0 2 4 7 0
皮 4 0 2 4 7 1
孝 4 4 4 0 7 0
孽 4 4 4 0 7 1
芟 4 4 4 0 7 2
芰 4 4 4 0 7 3
茇 4 4 4 0 7 4
荸 4 4 4 0 7 5
莩 4 4 4 0 7 6
菱 4 4 4 0 7 7
蔓 4 4 4 0 7 8
孢 1 7 4 1 2 0
孤 1 2 4 3 0 0
孥 4 7 4 0 7 0
孩 1 0 4 8 2 0
孙 1 9 4 0 0 0
孰 0 5 4 1 7 0
孱 7 7 2 4 7 0
屐 7 7 2 4 7 1
履 7 7 2 4 7 2
服 7 7 2 4 7 3
殿 7 7 2 4 7 4
股 7 7 2 4 7 5
骰 7 7 2 4 7 6
孵 7 2 7 4 7 0
学 9 0 4 0 7 0
孺 1 1 4 2 7 0
宀 3 0 3 2 0 0
它 3 0 7 1 2 0
宦 3 0 7 1 2 1
宄 3 0 4 1 7 0
究 3 0 4 1 7 1
宅 3 0 7 1 4 0
宇 3 0 4 0 1 0
宰 3 0 4 0 1 1
守 3 0 3 4 2 0
安 3 0 4 0 4 0
宴 3 0 4 0 4 1
宋 3 0 9 0 4 0
寨 3 0 9 0 4 1
案 3 0 9 0 4 2
窠 3 0 9 0 4 3
完 3 0 2 1 2 0
宛 3 0 2 1 2 1
宽 3 0 2 1 2 2
宪 3 0 2 1 2 3
宏 3 0 7 3 2 0
寰 3 0 7 3 2 1
良 3 0 7 3 2 2
褰 3 0 7 3 2 3
宓 3 0 3 3 4 0
宕 3 0 6 0 2 0
窗 3 0 6 0 2 1
宗 3 0 9 0 1 0
察 3 0 9 0 1 1
官 3 0 7 7 7 0
宙 3 0 6 0 5 0
害 3 0 6 0 5 1
定 3 0 8 0 1 0
宾 3 0 8 0 1 1
蹇 3 0 8 0 1 2
宜 3 0 1 0 2 0
空 3 0 1 0 2 1
实 3 0 8 0 4 0
寞 3 0 8 0 4 1
突 3 0 8 0 4 2
窦 3 0 8 0 4 3
客 3 0 6 0 4 0
宣 3 0 1 0 6 0
宥 3 0 2 2 7 0
宵 3 0 2 2 7 1
寓 3 0 2 2 7 2
寡 3 0 2 2 7 3
帘 3 0 2 2 7 4
房 3 0 2 2 7 5
扁 3 0 2 2 7 6
扃 3 0 2 2 7 7
扇 3 0 2 2 7 8
甯 3 0 2 2 7 9
窝 3 0 2 2 7 10
肩 3 0 2 2 7 11
宫 3 0 6 0 6 0
富 3 0 6 0 6 1
容 3 0 6 0 8 0
宿 3 0 2 6 2 0
寂 3 0 9 4 7 0
寄 3 0 6 2 1 0
寅 3 0 8 0 6 0
密 3 0 7 7 2 0
窑 3 0 7 7 2 1
寇 3 0 2 1 4 0
寐 3 0 2 9 5 0
寒 3 0 3 0 3 0
迹 3 0 3 0 3 1
遮 3 0 3 0 3 2
宁 3 0 2 0 1 0
寝 3 0 1 4 7 0
液 3 0 1 4 7 1
淳 3 0 1 4 7 2
渡 3 0 1 4 7 3
寤 3 0 2 6 1 0
寥 3 0 2 0 2 0
审 3 0 5 0 6 0
窜 3 0 5 0 6 1
写 3 7 1 2 7 0
涌 3 7 1 2 7 1
汤 3 7 1 2 7 2
溺 3 7 1 2 7 3
滑 3 7 1 2 7 4
漏 3 7 1 2 7 5
泻 3 7 1 2 7 6
邺 3 7 1 2 7 7
闯 3 7 1 2 7 8
冯 3 7 1 2 7 9
鸿 3 7 1 2 7 10
寮 3 0 9 0 6 0
宝 3 0 1 0 3 0
氵 3 0 1 0 3 1
宠 3 0 4 1 4 0
寸 4 0 3 0 0 0
寺 4 0 3 4 1 0
对 7 4 4 0 0 0
专 5 0 3 0 2 0
将 3 7 1 4 2 0
尉 7 4 2 0 0 0
肘 7 4 2 0 0 1
附 7 4 2 0 0 2
尊 8 0 3 4 6 0
寻 1 7 3 4 7 0
导 7 7 3 4 1 0
小 9 0 0 0 0 0
少 9 0 2 0 0 0
尕 1 7 9 0 2 0
尖 9 0 8 0 4 0
类 9 0 8 0 4 1
尜 9 0 9 0 8 0
尢 4 0 0 1 2 0
尤 4 3 0 1 2 0
尥 4 7 0 1 2 0
尬 4 8 0 1 2 0
尧 5 0 2 1 2 0
就 0 3 9 1 2 0
尴 4 8 0 1 1 0
尸 7 7 2 0 7 0
尹 1 7 5 0 7 0
尺 7 7 8 0 7 0
臾 7 7 8 0 7 1
尻 7 7 2 1 7 0
屉 7 7 2 1 7 1
肥 7 7 2 1 7 2
尾 7 7 2 1 4 0
屋 7 7 2 1 4 1
飕 7 7 2 1 4 2
尿 7 7 2 9 2 0
脲 7 7 2 9 2 1
局 7 7 2 2 7 0
屑 7 7 2 2 7 1
属 7 7 2 2 7 2
肠 7 7 2 2 7 3
臀 7 7 2 2 7 4
邪 7 7 2 2 7 5
鸦 7 7 2 2 7 6
鹏 7 7 2 2 7 7
鹛 7 7 2 2 7 8
鹘 7 7 2 2 7 9
居 7 7 2 6 4 0
屠 7 7 2 6 4 1
胳 7 7 2 6 4 2
骼 7 7 2 6 4 3
届 7 7 2 6 5 0
屈 7 7 2 7 2 0
屎 7 7 2 9 4 0
屏 7 7 2 4 1 0
展 7 7 2 3 2 0
层 7 7 2 3 2 1
限 7 7 2 3 2 2
屙 7 7 2 2 1 0
屡 7 7 2 4 4 0
屦 7 7 2 4 4 1
屣 7 7 2 8 1 0
屮 2 2 4 0 0 0
屯 5 0 7 1 7 0
屹 2 8 7 1 7 0
饩 2 8 7 1 7 1
屺 2 7 7 1 7 0
色 2 7 7 1 7 1
岈 2 1 7 4 2 0
岍 2 1 7 4 0 0
饵 2 1 7 4 0 1
岐 2 4 7 4 7 0
饽 2 4 7 4 7 1
岑 2 2 2 0 7 0
岁 2 2 2 0 7 1
岔 8 0 7 7 2 0
缶 8 0 7 7 2 1
岙 2 0 7 7 2 0
岜 2 2 7 1 7 0
岂 2 2 7 1 7 1
邕 2 2 7 1 7 2
岢 2 2 6 2 1 0
岩 2 2 6 0 2 0
皆 2 2 6 0 2 1
砦 2 2 6 0 2 2
岫 2 5 7 6 0 0
岬 2 6 7 5 0 0
岱 2 3 7 7 2 0
岳 7 2 7 7 2 0
岵 2 4 7 6 0 0
岷 2 7 7 4 7 0
馊 2 7 7 4 7 1
岸 2 2 2 4 1 0
峁 2 2 7 2 7 0
嵴 2 2 7 2 7 1
龋 2 2 7 2 7 2
峙 2 4 7 4 1 0
峨 2 3 7 5 0 0
饿 2 3 7 5 0 1
饯 2 3 7 5 0 2
峪 2 8 7 6 8 0
峭 2 9 7 2 7 0
峰 2 7 7 5 4 0
峄 2 7 7 5 4 1
岛 2 7 7 2 7 0
饧 2 7 7 2 7 1
鹞 2 7 7 2 7 2
峻 2 3 7 4 7 0
峡 2 5 7 8 0 0
崆 2 3 7 1 2 0
崇 2 2 9 0 1 0
祟 2 2 9 0 1 1
崃 2 5 7 9 0 0
崎 2 4 7 2 1 0
岗 2 2 2 2 7 0
崩 2 2 2 2 7 1
嵩 2 2 2 2 7 2
觜 2 2 2 2 7 3
鼎 2 2 2 2 7 4
崛 2 7 7 7 2 0
崞 2 0 7 4 7 0
峥 2 7 7 5 7 0
崤 2 4 7 2 7 0
崂 2 4 7 2 7 1
幼 2 4 7 2 7 2
崦 2 4 7 1 6 0
馇 2 4 7 1 6 1
崧 2 2 9 3 2 0
岽 2 2 9 0 4 0
巢 2 2 9 0 4 1
柴 2 2 9 0 4 2
梨 2 2 9 0 4 3
粜 2 2 9 0 4 4
崮 2 2 6 0 7 0
崴 2 2 2 5 3 0
崽 2 2 3 3 6 0
崾 2 1 7 4 4 0
嵇 2 3 9 7 2 0
嵊 2 2 7 9 1 0
嵋 2 7 7 6 7 0
嵌 2 2 7 8 2 0
岚 2 2 2 1 7 0
凭 2 2 2 1 7 1
嵛 2 2 2 2 1 0
嵫 2 8 7 3 2 0
岭 2 8 7 3 2 1
龄 2 8 7 3 2 2
嵬 2 2 5 1 3 0
嵯 2 8 7 1 2 0
馐 2 8 7 1 2 1
嵝 2 9 7 4 4 0
嶂 2 0 7 4 6 0
爵 2 0 7 4 6 1
崭 2 2 5 2 1 0
岖 2 1 7 1 4 0
嶙 2 9 7 5 9 0
嶝 2 2 7 1 8 0
峤 2 2 7 2 8 0
嶷 2 2 8 8 1 0
嵘 2 4 7 9 4 0
屿 2 1 7 2 7 0
岿 2 2 2 7 7 0
巍 2 2 4 1 3 0
巅 2 2 8 8 2 0
峦 0 0 7 7 2 0
州 3 2 0 0 0 0
巡 3 2 3 0 3 0
巧 1 1 1 2 7 0
翡 1 1 1 2 7 1
巨 7 1 7 1 7 0
瓯 7 1 7 1 7 1
巫 1 0 1 0 8 0
豆 1 0 1 0 8 1
巯 1 0 1 1 2 0
琉 1 0 1 1 2 1
巳 7 7 7 1 7 0
巴 7 7 7 1 7 1
帆 4 7 2 1 0 0
帑 4 7 2 2 7 0
猾 4 7 2 2 7 1
犸 4 7 2 2 7 2
胬 4 7 2 2 7 3
郁 4 7 2 2 7 4
郗 4 7 2 2 7 5
郝 4 7 2 2 7 6
鹤 4 7 2 2 7 7
鹳 4 7 2 2 7 8
帔 4 4 2 4 7 0
芨 4 4 2 4 7 1
菔 4 4 2 4 7 2
葭 4 4 2 4 7 3
荐 4 4 2 4 7 4
帕 4 6 2 0 2 0
帖 4 1 2 6 0 0
帙 4 5 2 8 0 0
狭 4 5 2 8 0 1
帅 2 4 0 2 7 0
师 2 1 0 2 7 0
帐 4 2 2 3 4 0
带 4 4 2 2 7 0
幕 4 4 2 2 7 1
棼 4 4 2 2 7 2
节 4 4 2 2 7 3
艿 4 4 2 2 7 4
芬 4 4 2 2 7 5
芮 4 4 2 2 7 6
芳 4 4 2 2 7 7
芴 4 4 2 2 7 8
芾 4 4 2 2 7 9
苘 4 4 2 2 7 10
茼 4 4 2 2 7 11
莆 4 4 2 2 7 12
莠 4 4 2 2 7 13
菁 4 4 2 2 7 14
莴 4 4 2 2 7 15
葡 4 4 2 2 7 16
蒂 4 4 2 2 7 17
蒡 4 4 2 2 7 18
蒿 4 4 2 2 7 19
荫 4 4 2 2 7 20
萧 4 4 2 2 7 21
薷 4 4 2 2 7 22
苈 4 4 2 2 7 23
蔺 4 4 2 2 7 24
蓠 4 4 2 2 7 25
帷 4 0 2 1 5 0
幢 4 0 2 1 5 1
帽 4 6 2 6 0 0
猖 4 6 2 6 0 1
帧 4 1 2 8 2 0
獗 4 1 2 8 2 1
颇 4 1 2 8 2 2
颟 4 1 2 8 2 3
颧 4 1 2 8 2 4
帏 4 5 2 2 7 0
狒 4 5 2 2 7 1
猜 4 5 2 2 7 2
幄 4 7 2 1 4 0
幅 4 1 2 6 6 0
帮 5 7 2 2 7 0
幌 4 6 2 1 7 0
幔 4 6 2 4 7 0
帼 4 6 2 0 0 0
帻 4 5 2 8 2 0
幛 4 0 2 4 6 0
獐 4 0 2 4 6 1
幞 4 2 2 8 5 0
帜 4 6 2 8 0 0
幡 4 2 2 6 9 0
帱 4 5 2 4 0 0
平 1 0 4 0 9 0
丶 3 0 0 0 0 0
年 8 0 5 0 0 0
广 0 0 2 0 0 0
床 0 0 2 9 4 0
庥 0 0 2 9 4 1
麻 0 0 2 9 4 2
糜 0 0 2 9 4 3
麇 0 0 2 9 4 4
麋 0 0 2 9 4 5
序 0 0 2 2 2 0
廖 0 0 2 2 2 1
彦 0 0 2 2 2 2
底 0 0 2 4 2 0
店 0 0 2 6 1 0
庚 0 0 2 8 7 0
庹 0 0 2 8 7 1
庾 0 0 2 8 7 2
府 0 0 2 4 0 0
庠 0 0 2 5 1 0
座 0 0 2 1 4 0
廛 0 0 2 1 4 1
庄 0 0 2 1 4 2
麈 0 0 2 1 4 3
麾 0 0 2 1 4 4
庞 0 0 2 1 4 5
库 0 0 2 5 4 0
庭 0 0 2 4 1 0
麝 0 0 2 4 1 1
庳 0 0 2 4 6 0
庵 0 0 2 1 6 0
庶 0 0 2 3 7 0
廉 0 0 2 3 7 1
康 0 0 2 9 9 0
厕 7 1 2 2 0 0
阿 7 1 2 2 0 1
廑 0 0 2 1 5 0
雍 0 0 2 1 5 1
廒 0 0 2 4 8 0
厨 7 1 2 4 0 0
牙 7 1 2 4 0 1
肝 7 1 2 4 0 2
厂 7 1 2 0 0 0
廨 0 0 2 5 2 0
摩 0 0 2 5 2 1
廪 0 0 2 9 1 0
延 1 2 4 0 1 0
廷 1 2 4 0 1 1
建 1 5 4 0 0 0
廿 4 4 7 7 0 0
甘 4 4 7 7 0 1
弁 2 3 4 4 0 0
弄 1 0 4 4 1 0
弈 0 0 4 4 3 0
弃 0 0 4 4 3 1
弊 9 8 4 4 4 0
弋 4 3 0 0 0 0
弓 1 7 0 2 7 0
弗 5 5 0 2 7 0
拂 5 5 0 2 7 1
弘 1 2 2 3 1 0
弛 1 4 2 1 2 0
殖 1 4 2 1 2 1
弦 1 0 2 3 2 0
豕 1 0 2 3 2 1
震 1 0 2 3 2 2
弧 1 2 2 3 0 0
弩 4 7 0 2 7 0
鸠 4 7 0 2 7 1
鸩 4 7 0 2 7 2
弭 1 1 2 4 0 0
弱 1 7 1 2 7 0
琊 1 7 1 2 7 1
玛 1 7 1 2 7 2
邛 1 7 1 2 7 3
邳 1 7 1 2 7 4
邶 1 7 1 2 7 5
郅 1 7 1 2 7 6
鄄 1 7 1 2 7 7
鹉 1 7 1 2 7 8
弪 1 7 2 1 2 0
殂 1 7 2 1 2 1
张 1 2 2 3 4 0
强 1 6 2 3 6 0
弹 1 8 2 5 6 0
殚 1 8 2 5 6 1
彀 4 7 2 4 7 0
觳 4 7 2 4 7 1
赧 4 7 2 4 7 2
弥 1 7 2 9 2 0
弯 0 0 0 2 7 0
录 1 7 9 0 9 0
彗 5 5 1 7 7 0
彝 2 7 4 4 9 0
彡 2 0 2 0 2 0
彳 2 0 2 0 2 1
乡 2 0 2 0 2 2
形 1 2 4 2 2 0
彤 7 2 4 2 2 0
彩 2 2 9 2 2 0
彪 2 2 2 1 2 0
毙 2 2 2 1 2 1
能 2 2 2 1 2 2
雕 7 0 2 1 5 0
臃 7 0 2 1 5 1
雅 7 0 2 1 5 2
彬 4 2 9 2 2 0
杉 4 2 9 2 2 1
彭 4 2 1 2 2 0
彰 0 2 4 2 2 0
影 6 2 9 2 2 0
律 2 5 2 0 7 0
徐 2 8 2 9 4 0
从 8 8 0 0 0 0
得 2 6 2 4 1 0
徙 2 1 2 8 1 0
徨 2 6 2 1 4 0
循 2 2 2 6 4 0
徭 2 2 2 7 2 0
德 2 4 2 3 1 0
心 3 3 0 0 0 0
灬 3 3 0 0 0 1
必 3 3 0 0 4 0
忉 9 7 0 2 0 0
恂 9 7 0 2 0 1
恫 9 7 0 2 0 2
惆 9 7 0 2 0 3
惘 9 7 0 2 0 4
悯 9 7 0 2 0 5
忌 1 7 3 3 1 0
恐 1 7 3 3 1 1
忍 1 7 3 3 2 0
恿 1 7 3 3 2 1
忐 2 1 3 3 1 0
惩 2 1 3 3 1 1
忑 1 0 3 3 3 0
忒 4 3 3 0 0 0
忖 9 4 0 0 0 0
志 4 0 3 3 1 0
恚 4 0 3 3 1 1
悫 4 0 3 3 1 2
忘 0 0 3 3 1 0
忙 9 0 0 1 0 0
应 0 0 2 1 9 0
鏖 0 0 2 1 9 1
忝 1 0 3 3 8 0
忠 5 0 3 3 6 0
患 5 0 3 3 6 1
忡 9 5 0 0 6 0
忤 9 8 0 4 0 0
忪 9 8 0 3 2 0
怜 9 8 0 3 2 1
快 9 5 0 8 0 0
怏 9 5 0 8 0 1
忭 9 0 0 3 0 0
忮 9 4 0 4 7 0
悖 9 4 0 4 7 1
忱 9 4 0 1 2 0
慌 9 4 0 1 2 1
忸 9 7 0 1 2 0
怩 9 7 0 1 2 1
恤 9 7 0 1 2 2
忻 9 2 0 2 1 0
惭 9 2 0 2 1 1
忽 2 7 3 3 2 0
怊 9 7 0 6 2 0
怍 9 8 0 1 1 0
怎 8 0 3 3 1 0
恙 8 0 3 3 1 1
羔 8 0 3 3 1 2
怒 4 7 3 3 4 0
怔 9 1 0 1 1 0
悱 9 1 0 1 1 1
怕 9 6 0 0 2 0
怖 9 4 0 2 7 0
惰 9 4 0 2 7 1
恸 9 4 0 2 7 2
怙 9 4 0 6 0 0
怛 9 6 0 1 0 0
思 6 0 3 3 0 0
恩 6 0 3 3 0 1
怠 2 3 3 3 6 0
怡 9 3 0 6 0 0
急 2 7 3 3 7 0
怦 9 1 0 4 9 0
性 9 5 0 1 0 0
怨 2 7 3 3 1 0
黧 2 7 3 3 1 1
怪 9 7 0 1 4 0
悭 9 7 0 1 4 1
怫 9 5 0 2 7 0
情 9 5 0 2 7 1
怯 9 4 0 3 2 0
怵 9 3 0 9 4 0
恁 2 2 3 3 1 0
熊 2 2 3 3 1 1
恃 9 4 0 4 1 0
悻 9 4 0 4 1 1
恒 9 1 0 1 6 0
恍 9 9 0 1 2 0
恕 4 6 3 3 0 0
想 4 6 3 3 0 1
恝 5 7 3 3 2 0
恢 9 4 0 8 9 0
恣 3 7 3 3 8 0
耻 1 1 4 1 0 0
恧 1 0 3 3 2 0
恨 9 7 0 3 2 0
惚 9 7 0 3 2 1
恪 9 7 0 6 4 0
恬 9 2 0 6 4 0
恭 4 4 3 3 8 0
慕 4 4 3 3 8 1
息 2 6 3 3 0 0
憩 2 6 3 3 0 1
恰 9 8 0 6 1 0
惠 5 0 3 3 3 0
悃 9 6 0 0 0 0
悄 9 9 0 2 7 0
惝 9 9 0 2 7 1
悦 9 8 0 1 2 0
怆 9 8 0 1 2 1
悉 2 0 3 3 9 0
悌 9 8 0 2 7 0
悍 9 6 0 4 1 0
悒 9 6 0 1 7 0
悔 9 8 0 5 7 0
悚 9 5 0 9 6 0
悛 9 3 0 4 7 0
悝 9 6 0 1 5 0
惺 9 6 0 1 5 1
悟 9 1 0 6 1 0
悠 2 8 3 3 4 0
煞 2 8 3 3 4 1
您 2 7 3 3 9 0
恼 9 0 0 7 2 0
悲 1 1 3 3 1 0
悴 9 0 0 4 8 0
怅 9 2 0 3 4 0
闷 3 7 3 3 1 0
悸 9 2 0 4 7 0
悼 9 1 0 4 6 0
惋 9 3 0 1 2 0
忧 9 3 0 1 2 1
惑 5 3 3 3 0 0
感 5 3 3 3 0 1
惕 9 6 0 2 7 0
愕 9 6 0 2 7 1
愣 9 6 0 2 7 2
惜 9 4 0 6 1 0
惟 9 0 0 1 5 0
憧 9 0 0 1 5 1
惦 9 0 0 6 1 0
恽 9 7 0 5 4 0
怿 9 7 0 5 4 1
惴 9 2 0 2 7 0
惶 9 6 0 1 4 0
惹 4 4 3 3 6 0
煮 4 4 3 3 6 1
葸 4 4 3 3 6 2
蒽 4 4 3 3 6 3
薏 4 4 3 3 6 4
恻 9 2 0 0 0 0
愀 9 9 0 8 0 0
愁 2 9 3 3 8 0
愆 2 1 3 3 2 0
愉 9 8 0 2 1 0
愍 7 8 3 3 4 0
愎 9 8 0 4 7 0
意 0 0 3 3 6 0
愚 6 0 3 3 2 0
惬 9 1 0 1 8 0
愧 9 6 0 1 3 0
愫 9 5 0 9 3 0
恺 9 2 0 1 7 0
慎 9 4 0 8 1 0
憷 9 4 0 8 1 1
忾 9 8 0 1 7 0
栗 1 0 9 0 4 0
粟 1 0 9 0 4 1
慈 8 0 3 3 3 0
慊 9 8 0 3 7 0
态 4 0 3 3 3 0
愠 9 6 0 1 2 0
惨 9 3 0 2 2 0
慝 7 1 3 3 1 0
慢 9 6 0 4 7 0
惯 9 7 0 8 2 0
懒 9 7 0 8 2 1
慧 5 5 3 3 7 0
慨 9 1 0 1 2 0
怃 9 1 0 1 2 1
怄 9 1 0 1 4 0
怂 8 8 3 3 0 0
慰 7 4 3 3 0 0
怼 7 4 3 3 0 1
慵 9 0 0 2 7 0
庆 0 0 2 8 4 0
慷 9 0 0 9 9 0
欲 8 7 6 8 2 0
惫 2 7 3 3 6 0
憋 9 8 3 3 4 0
憎 9 8 0 6 6 0
愦 9 5 0 8 2 0
憔 9 0 0 3 1 0
惮 9 8 0 5 6 0
憝 0 8 3 3 4 0
愤 9 4 0 8 2 0
憨 1 8 3 3 4 0
憬 9 6 0 9 6 0
忆 9 7 0 1 0 0
憾 9 3 0 3 5 0
懂 9 4 0 1 5 0
恳 7 7 3 3 3 0
悬 7 7 3 3 3 1
懈 9 7 0 5 2 0
懊 9 7 0 8 4 0
懋 4 4 3 3 9 0
懔 9 0 0 9 1 0
怀 9 1 0 9 0 0
懑 3 4 3 3 2 0
懦 9 1 0 2 7 0
恹 9 1 0 8 4 0
懵 9 4 0 6 2 0
忏 9 2 0 4 0 0
惧 9 7 0 8 1 0
慑 9 1 0 4 7 0
懿 4 7 1 3 8 0
恋 0 0 3 3 3 0
戆 0 7 3 3 8 0
戈 5 3 0 0 0 0
戋 5 3 0 0 0 1
扑 5 3 0 0 0 2
戎 5 3 4 0 0 0
戒 5 3 4 0 0 1
弑 4 3 9 4 0 0
犟 1 6 5 0 3 0
椭 4 4 9 2 7 0
枘 4 4 9 2 7 1
栲 4 4 9 2 7 2
楠 4 4 9 2 7 3
栉 4 4 9 2 7 4
菊 4 4 9 2 7 5
藕 4 4 9 2 7 6
柒 3 4 9 0 4 0
染 3 4 9 0 4 1
我 2 3 5 5 0 0
或 5 3 1 0 0 0
戛 1 0 5 0 3 0
戡 4 3 7 5 0 0
裁 4 3 7 5 0 1
戢 6 3 4 5 0 0
戤 1 3 1 5 0 0
戥 6 3 1 5 0 0
践 6 3 1 5 0 1
战 2 3 6 5 0 0
戗 8 3 7 5 0 0
钺 8 3 7 5 0 1
钱 8 3 7 5 0 2
锇 8 3 7 5 0 3
铖 8 3 7 5 0 4
戬 1 3 6 5 0 0
硪 1 3 6 5 0 1
碱 1 3 6 5 0 2
截 4 3 2 5 0 0
狨 4 3 2 5 0 1
戮 1 3 2 5 0 0
戳 1 3 2 5 0 1
残 1 3 2 5 0 2
戏 7 3 4 5 0 0
戴 4 3 8 5 0 0
户 3 0 2 0 7 0
穸 3 0 2 0 7 1
戽 3 0 2 4 7 0
戾 3 0 2 8 4 0
所 7 2 2 2 1 0
斤 7 2 2 2 1 1
扈 3 0 2 1 7 0
扉 3 0 2 1 1 0
窄 3 0 2 1 1 1
手 2 0 5 0 0 0
才 4 0 2 0 0 0
犭 4 0 2 0 0 1
犷 4 0 2 0 0 2
扎 5 2 0 1 0 0
批 5 2 0 1 0 1
扒 5 8 0 0 0 0
拟 5 8 0 0 0 1
打 5 1 0 2 0 0
扔 5 7 0 2 7 0
挪 5 7 0 2 7 1
捅 5 7 0 2 7 2
掷 5 7 0 2 7 3
扬 5 7 0 2 7 4
揶 5 7 0 2 7 5
捣 5 7 0 2 7 6
搦 5 7 0 2 7 7
畅 5 7 0 2 7 8
邦 5 7 0 2 7 9
托 5 2 0 1 4 0
撬 5 2 0 1 4 1
扛 5 1 0 1 2 0
扼 5 1 0 1 2 1
抚 5 1 0 1 2 2
扣 5 6 0 0 0 0
捆 5 6 0 0 0 1
掴 5 6 0 0 0 2
扦 5 2 0 4 0 0
抵 5 2 0 4 0 1
扭 5 7 0 1 2 0
抱 5 7 0 1 2 1
挽 5 7 0 1 2 2
扮 5 8 0 2 7 0
擒 5 8 0 2 7 1
扯 5 1 0 1 0 0
扳 5 2 0 4 7 0
授 5 2 0 4 7 1
援 5 2 0 4 7 2
扶 5 5 0 8 0 0
抉 5 5 0 8 0 1
挟 5 5 0 8 0 2
找 5 3 0 5 0 0
承 1 7 2 3 2 0
聚 1 7 2 3 2 1
豫 1 7 2 3 2 2
技 5 4 0 4 7 0
披 5 4 0 4 7 1
抄 5 9 0 2 0 0
把 5 7 0 1 7 0
艴 5 7 0 1 7 1
艳 5 7 0 1 7 2
抑 5 7 0 2 0 0
拘 5 7 0 2 0 1
扪 5 7 0 2 0 2
掏 5 7 0 2 0 3
掬 5 7 0 2 0 4
搠 5 7 0 2 0 5
拥 5 7 0 2 0 6
搁 5 7 0 2 0 7
韧 5 7 0 2 0 8
抒 5 7 0 2 2 0
抓 5 2 0 3 0 0
抖 5 4 0 0 0 0
拊 5 4 0 0 0 1
折 5 2 0 2 1 0
撕 5 2 0 2 1 1
择 5 7 0 5 4 0
挥 5 7 0 5 4 1
抨 5 1 0 4 9 0
抬 5 3 0 6 0 0
抹 5 5 0 9 0 0
抻 5 5 0 0 6 0
拽 5 5 0 0 6 1
押 5 6 0 5 0 0
抽 5 5 0 6 0 0
拄 5 0 0 1 4 0
拆 5 2 0 4 1 0
挺 5 2 0 4 1 1
拇 5 7 0 5 0 0
拈 5 1 0 6 0 0
拉 5 0 0 1 8 0
拌 5 9 0 5 0 0
拍 5 6 0 0 2 0
拎 5 8 0 3 2 0
捻 5 8 0 3 2 1
拐 5 6 0 2 7 0
捐 5 6 0 2 7 1
揭 5 6 0 2 7 2
拒 5 1 0 1 7 0
拓 5 1 0 6 2 0
拔 5 3 0 4 7 0
拨 5 3 0 4 7 1
拖 5 8 0 1 2 0
抡 5 8 0 1 2 1
搓 5 8 0 1 2 2
抢 5 8 0 1 2 3
揽 5 8 0 1 2 4
拗 5 4 0 2 7 0
拷 5 4 0 2 7 1
挎 5 4 0 2 7 2
捞 5 4 0 2 7 3
拙 5 2 0 7 2 0
摇 5 2 0 7 2 1
拚 5 3 0 4 0 0
拭 5 3 0 4 0 1
招 5 7 0 6 2 0
摺 5 7 0 6 2 1
拜 2 1 5 5 0 0
括 5 2 0 6 4 0
拮 5 4 0 6 1 0
措 5 4 0 6 1 1
搭 5 4 0 6 1 2
拯 5 7 0 1 9 0
拱 5 4 0 8 1 0
拳 9 0 5 0 2 0
掌 9 0 5 0 2 1
拴 5 8 0 1 4 0
挫 5 8 0 1 4 1
拶 5 2 0 2 7 0
揣 5 2 0 2 7 1
拼 5 8 0 4 1 0
擀 5 8 0 4 1 1
拾 5 8 0 6 1 0
拿 8 0 5 0 2 0
持 5 4 0 4 1 0
指 5 2 0 6 1 0
挈 5 7 5 0 2 0
按 5 3 0 4 4 0
挑 5 2 0 1 3 0
挖 5 3 0 1 7 0
挨 5 3 0 8 4 0
捩 5 3 0 8 4 1
振 5 1 0 3 2 0
挲 3 9 5 0 2 0
挹 5 6 0 1 7 0
捃 5 7 0 6 7 0
捉 5 6 0 8 1 0
提 5 6 0 8 1 1
捋 5 2 0 4 9 0
捍 5 6 0 4 1 0
揖 5 6 0 4 1 1
捎 5 9 0 2 7 0
捏 5 6 0 1 4 0
捕 5 3 0 2 7 0
掮 5 3 0 2 7 1
书 5 3 0 2 7 2
捧 5 5 0 5 8 0
舍 8 0 6 0 4 0
酋 8 0 6 0 4 1
捭 5 6 0 4 0 0
据 5 7 0 6 4 0
捱 5 1 0 1 4 0
揠 5 1 0 1 4 1
抠 5 1 0 1 4 2
捶 5 2 0 1 5 0
摧 5 2 0 1 5 1
捷 5 5 0 8 1 0
捺 5 4 0 9 1 0
掀 5 7 0 8 2 0
掼 5 7 0 8 2 1
揿 5 7 0 8 2 2
掂 5 0 0 6 1 0
掊 5 0 0 6 1 1
揞 5 0 0 6 1 2
扫 5 7 0 7 0 0
掉 5 1 0 4 6 0
掎 5 4 0 2 1 0
掐 5 7 0 7 7 0
排 5 1 0 1 1 0
掖 5 0 0 4 7 0
掘 5 7 0 7 2 0
挣 5 7 0 5 7 0
挂 5 4 0 1 4 0
掠 5 0 0 9 6 0
采 2 0 9 0 4 0
禾 2 0 9 0 4 1
集 2 0 9 0 4 2
探 5 7 0 9 4 0
揉 5 7 0 9 4 1
搡 5 7 0 9 4 2
掣 2 2 5 0 2 0
接 5 0 0 4 4 0
控 5 3 0 1 2 0
扰 5 3 0 1 2 1
推 5 0 0 1 5 0
撞 5 0 0 1 5 1
摊 5 0 0 1 5 2
掩 5 4 0 1 6 0
揸 5 4 0 1 6 1
掭 5 1 0 3 8 0
掰 2 2 5 5 0 0
搿 2 2 5 5 0 1
掾 5 7 0 3 2 0
搌 5 7 0 3 2 1
拣 5 5 0 9 4 0
揄 5 8 0 2 1 0
揆 5 2 0 8 4 0
揍 5 5 0 8 4 0
揎 5 3 0 1 6 0
描 5 4 0 6 0 0
抛 5 4 0 1 2 0
插 5 2 0 7 7 0
韬 5 2 0 7 7 1
珐 1 4 1 3 2 0
换 5 7 0 8 4 0
握 5 7 0 1 4 0
揩 5 2 0 6 2 0
揪 5 9 0 8 0 0
揲 5 4 0 9 4 0
搽 5 4 0 9 4 1
背 1 2 2 2 7 0
搋 5 2 0 1 7 0
损 5 6 0 8 2 0
搏 5 3 0 4 2 0
搐 5 0 0 6 3 0
搔 5 7 0 3 6 0
搛 5 8 0 3 7 0
搞 5 0 0 2 7 0
摘 5 0 0 2 7 1
携 5 0 0 2 7 2
韦 5 0 0 2 7 3
搪 5 0 0 6 5 0
搴 3 0 5 0 2 0
牢 3 0 5 0 2 1
捂 5 1 0 6 1 0
擂 5 1 0 6 1 1
摁 5 6 0 3 0 0
摄 5 1 0 4 7 0
摒 5 7 0 4 1 0
摔 5 0 0 4 3 0
摞 5 6 0 9 3 0
搂 5 9 0 4 4 0
摭 5 0 0 3 7 0
挚 5 5 5 0 2 0
抟 5 5 0 3 2 0
攮 5 5 0 3 2 1
摸 5 4 0 8 4 0
摹 4 4 5 0 2 0
攀 4 4 5 0 2 1
荦 4 4 5 0 2 2
掺 5 3 0 2 2 0
撂 5 6 0 6 4 0
撅 5 1 0 8 2 0
撷 5 1 0 8 2 1
撇 5 8 0 4 0 0
撒 5 8 0 4 0 1
撖 5 8 0 4 0 2
撤 5 8 0 4 0 3
擞 5 8 0 4 0 4
撑 5 9 0 5 2 0
挠 5 5 0 1 2 0
撙 5 8 0 4 6 0
挢 5 2 0 2 8 0
掸 5 8 0 5 6 0
撩 5 4 0 9 6 0
播 5 2 0 6 9 0
撮 5 6 0 4 7 0
攫 5 6 0 4 7 1
撰 5 7 0 8 1 0
搅 5 9 0 1 7 0
挞 5 4 0 3 8 0
撼 5 3 0 3 5 0
挝 5 4 0 3 0 0
捡 5 8 0 1 9 0
掳 5 1 0 2 7 0
擅 5 0 0 1 6 0
击 5 0 7 7 2 0
挡 5 9 0 7 7 0
操 5 6 0 9 4 0
擎 4 8 5 0 2 0
擐 5 6 0 3 2 0
摆 5 6 0 3 2 1
担 5 6 0 1 0 0
擗 5 0 0 4 1 0
擘 7 0 5 0 2 0
挤 5 0 0 2 4 0
擢 5 7 0 1 5 0
擤 5 6 0 2 1 0
擦 5 3 0 9 1 0
摈 5 3 0 8 1 0
拧 5 3 0 2 1 0
郑 8 7 8 2 7 0
撸 5 7 0 6 1 0
摅 5 1 0 3 1 0
撵 5 5 0 5 4 0
攉 5 1 0 1 5 0
拢 5 3 0 1 4 0
拦 5 8 0 1 1 0
撄 5 7 0 4 4 0
攘 5 0 0 3 2 0
搀 5 7 0 3 3 0
撺 5 3 0 5 6 0
攒 5 4 0 8 2 0
挛 0 0 5 0 2 0
攥 5 8 0 9 3 0
攴 2 1 4 0 7 0
舻 2 1 4 0 7 1
收 2 8 7 4 0 0
馓 2 8 7 4 0 1
改 1 8 7 4 0 0
攻 1 8 1 4 0 0
政 1 8 1 4 0 1
玫 1 8 1 4 0 2
致 1 8 1 4 0 3
放 0 8 2 4 0 0
故 4 8 6 4 0 0
敬 4 8 6 4 0 1
效 0 8 4 4 0 0
敦 0 8 4 4 0 1
敉 9 8 9 4 0 0
敏 8 8 7 4 0 0
镦 8 8 7 4 0 1
救 4 8 9 4 0 0
杵 4 8 9 4 0 1
枚 4 8 9 4 0 2
橄 4 8 9 4 0 3
檄 4 8 9 4 0 4
敕 5 8 9 4 0 0
敖 5 8 2 4 0 0
敷 5 8 2 4 0 1
败 7 8 8 4 0 0
叙 8 7 9 4 0 0
敝 9 8 2 4 0 0
敞 9 8 2 4 0 1
散 4 8 2 4 0 0
赦 4 8 2 4 0 1
敲 0 1 2 4 7 0
整 5 8 1 0 1 0
敌 2 8 6 4 0 0
数 9 8 4 4 0 0
敛 8 8 1 4 0 0
文 0 0 4 0 0 0
齐 0 0 2 2 4 0
齑 0 0 2 2 4 1
斌 0 3 4 4 0 0
斐 1 1 4 0 0 0
斑 1 1 1 1 4 0
班 1 1 1 1 4 1
斓 0 7 4 2 0 0
斗 3 4 0 0 0 0
料 9 4 9 0 0 0
斜 8 4 9 0 0 0
斟 4 4 7 0 0 0
斥 7 2 2 4 1 0
斫 1 2 6 2 1 0
斩 4 2 5 2 1 0
靳 4 2 5 2 1 1
斯 4 2 8 2 1 0
新 0 2 9 2 1 0
断 2 2 7 2 1 0
於 0 8 2 3 3 0
施 0 8 2 1 2 0
旎 0 8 2 1 2 1
旒 0 8 2 1 2 2
旃 0 8 2 4 7 0
旄 0 8 2 1 4 0
旅 0 8 2 3 2 0
旆 0 8 2 2 7 0
膂 0 8 2 2 7 1
旋 0 8 2 8 1 0
旗 0 8 2 8 1 1
旌 0 8 2 1 5 0
族 0 8 2 8 4 0
旖 0 8 2 2 1 0
日 6 0 1 0 0 0
旦 6 0 1 0 0 1
曰 6 0 1 0 0 2
旨 2 2 6 0 1 0
訾 2 2 6 0 1 1
辔 2 2 6 0 1 2
早 6 0 4 0 0 0
田 6 0 4 0 0 1
旭 4 6 0 1 0 0
旯 6 0 4 1 7 0
昂 6 0 7 2 7 0
昴 6 0 7 2 7 1
曷 6 0 7 2 7 2
昃 6 0 2 8 1 0
昏 7 2 6 0 4 0
昔 4 4 6 0 1 0
耆 4 4 6 0 1 1
苫 4 4 6 0 1 2
菩 4 4 6 0 1 3
蓍 4 4 6 0 1 4
蕾 4 4 6 0 1 5
蔷 4 4 6 0 1 6
星 6 0 1 0 5 0
里 6 0 1 0 5 1
量 6 0 1 0 5 2
春 5 0 6 0 8 0
昭 6 7 0 6 2 0
是 6 0 8 0 1 0
足 6 0 8 0 1 1
昱 6 0 1 0 8 0
昶 3 6 9 0 0 0
晁 6 0 1 1 3 0
晗 6 8 0 6 2 0
昼 7 7 1 0 6 0
晟 6 0 2 5 3 0
晨 6 0 2 3 2 0
景 6 0 9 0 6 0
智 8 6 6 0 0 0
晾 6 0 0 9 6 0
晕 6 0 5 0 4 0
晖 6 7 0 5 4 0
暌 6 2 0 8 4 0
睽 6 2 0 8 4 1
暝 6 7 0 8 0 0
瞑 6 7 0 8 0 1
暨 7 1 1 0 6 0
暂 4 2 6 0 2 0
皙 4 2 6 0 2 1
暮 4 4 6 0 8 0
蓉 4 4 6 0 8 1
暴 6 0 9 0 9 0
暹 3 6 3 0 1 0
逞 3 6 3 0 1 1
遑 3 6 3 0 1 2
邈 3 6 3 0 1 3
曙 6 6 0 6 4 0
曛 6 2 0 3 1 0
曜 6 7 0 1 5 0
曝 6 6 0 9 9 0
曦 6 8 0 5 3 0
曲 5 5 6 0 0 0
更 1 0 5 0 6 0
曹 5 5 6 0 6 0
曾 8 0 6 0 6 0
替 5 5 6 0 8 0
最 6 0 4 4 7 0
朔 8 7 4 2 0 0
朕 7 8 2 8 4 0
朗 3 7 7 2 0 0
词 3 7 7 2 0 1
诩 3 7 7 2 0 2
询 3 7 7 2 0 3
调 3 7 7 2 0 4
谰 3 7 7 2 0 5
望 0 7 1 0 4 0
期 4 7 8 2 0 0
朦 7 4 2 3 2 0
脓 7 4 2 3 2 1
肱 7 4 2 3 2 2
随 7 4 2 3 2 3
髓 7 4 2 3 2 4
胧 7 3 2 1 4 0
膣 7 3 2 1 4 1
陇 7 3 2 1 4 2
木 4 0 9 0 0 0
本 5 0 2 3 0 0
札 4 2 9 1 0 0
枇 4 2 9 1 0 1
朱 2 5 9 0 0 0
朴 4 3 9 0 0 0
术 4 3 9 0 0 1
朵 7 7 9 0 4 0
桑 7 7 9 0 4 1
朽 4 1 9 2 7 0
柄 4 1 9 2 7 1
樗 4 1 9 2 7 2
枥 4 1 9 2 7 3
杆 4 1 9 4 0 0
橱 4 1 9 4 0 1
杈 4 7 9 4 3 0
杌 4 1 9 1 2 0
杠 4 1 9 1 2 1
桠 4 1 9 1 2 2
概 4 1 9 1 2 3
杏 4 0 6 0 9 0
杳 4 0 6 0 9 1
材 4 4 9 0 0 0
村 4 4 9 0 0 1
榭 4 4 9 0 0 2
槲 4 4 9 0 0 3
树 4 4 9 0 0 4
杓 4 7 9 2 0 0
枸 4 7 9 2 0 1
柳 4 7 9 2 0 2
栩 4 7 9 2 0 3
桐 4 7 9 2 0 4
棚 4 7 9 2 0 5
构 4 7 9 2 0 6
榈 4 7 9 2 0 7
杖 4 5 9 0 0 0
杜 4 4 9 1 0 0
杞 4 7 9 1 7 0
杷 4 7 9 1 7 1
束 5 0 9 0 6 0
柬 5 0 9 0 6 1
杪 4 9 9 2 0 0
桫 4 9 9 2 0 1
杭 4 0 9 1 7 0
杯 4 1 9 9 0 0
东 4 0 9 0 4 0
杀 4 0 9 0 4 1
杼 4 7 9 2 2 0
松 4 8 9 3 2 0
柃 4 8 9 3 2 1
桧 4 8 9 3 2 2
板 4 2 9 4 7 0
桴 4 2 9 4 7 1
枉 4 1 9 1 4 0
桎 4 1 9 1 4 1
枢 4 1 9 1 4 2
枋 4 0 9 2 7 0
柿 4 0 9 2 7 1
榜 4 0 9 2 7 2
槁 4 0 9 2 7 3
析 4 2 9 2 1 0
枕 4 4 9 1 2 0
栳 4 4 9 1 2 1
植 4 4 9 1 2 2
林 4 4 9 9 0 0
枝 4 4 9 4 7 0
棱 4 4 9 4 7 1
菽 4 4 9 4 7 2
枯 4 4 9 6 0 0
楮 4 4 9 6 0 1
槠 4 4 9 6 0 2
葙 4 4 9 6 0 3
枰 4 1 9 4 9 0
枳 4 6 9 8 0 0
枵 4 6 9 2 7 0
棉 4 6 9 2 7 1
楞 4 6 9 2 7 2
榻 4 6 9 2 7 3
椤 4 6 9 2 7 4
架 4 6 9 0 4 0
枷 4 6 9 0 0 0
相 4 6 9 0 0 1
柁 4 3 9 1 2 0
柏 4 6 9 0 2 0
某 4 4 9 0 4 0
荣 4 4 9 0 4 1
橥 4 4 9 0 4 2
茶 4 4 9 0 4 3
荼 4 4 9 0 4 4
菜 4 4 9 0 4 5
蓁 4 4 9 0 4 6
蕖 4 4 9 0 4 7
藁 4 4 9 0 4 8
蘖 4 4 9 0 4 9
柑 4 4 9 7 0 0
柔 1 7 9 0 4 0
柘 4 1 9 6 2 0
柙 4 6 9 5 0 0
柚 4 5 9 6 0 0
柝 4 2 9 4 1 0
梃 4 2 9 4 1 1
柞 4 8 9 1 1 0
栏 4 8 9 1 1 1
柢 4 2 9 4 0 0
查 4 0 1 0 6 0
柩 4 1 9 1 8 0
柯 4 1 9 2 0 0
柱 4 0 9 1 4 0
桩 4 0 9 1 4 1
栅 4 7 9 4 0 0
椒 4 7 9 4 0 1
权 4 7 9 4 0 2
栀 4 2 9 1 2 0
栓 4 8 9 1 4 0
栝 4 2 9 6 4 0
校 4 0 9 4 8 0
株 4 5 9 9 0 0
核 4 0 9 8 2 0
根 4 7 9 3 2 0
椽 4 7 9 3 2 1
橡 4 7 9 3 2 2
橼 4 7 9 3 2 3
格 4 7 9 6 4 0
椐 4 7 9 6 4 1
栽 4 3 9 5 0 0
栈 4 3 9 5 0 1
械 4 3 9 5 0 2
槭 4 3 9 5 0 3
桀 2 5 9 0 4 0
桁 4 1 9 2 1 0
桂 4 4 9 1 4 0
桃 4 2 9 1 3 0
桄 4 9 9 1 2 0
桅 4 7 9 1 2 0
枧 4 7 9 1 2 1
楹 4 7 9 1 2 2
框 4 1 9 1 1 0
榧 4 1 9 1 1 1
桉 4 3 9 4 4 0
桊 9 0 9 0 4 0
棠 9 0 9 0 4 1
米 9 0 9 0 4 2
桌 2 1 9 0 4 0
桓 4 1 9 1 6 0
桔 4 4 9 6 1 0
梏 4 4 9 6 1 1
樯 4 4 9 6 1 2
藉 4 4 9 6 1 3
桕 4 7 9 7 0 0
樱 4 7 9 4 4 0
桶 4 7 9 2 7 0
桷 4 7 9 2 7 1
梆 4 7 9 2 7 2
椰 4 7 9 2 7 3
杨 4 7 9 2 7 4
榍 4 7 9 2 7 5
榔 4 7 9 2 7 6
杩 4 7 9 2 7 7
橘 4 7 9 2 7 8
郴 4 7 9 2 7 9
鸫 4 7 9 2 7 10
鹩 4 7 9 2 7 11
梁 3 3 9 0 4 0
粱 3 3 9 0 4 1
梅 4 8 9 5 7 0
梓 4 0 9 4 1 0
榫 4 0 9 4 1 1
梗 4 1 9 4 6 0
棹 4 1 9 4 6 1
条 2 7 9 0 4 0
枭 2 7 9 0 4 1
粲 2 7 9 0 4 2
梢 4 9 9 2 7 0
梧 4 1 9 6 1 0
檑 4 1 9 6 1 1
梭 4 3 9 4 7 0
梯 4 8 9 2 7 0
檎 4 8 9 2 7 1
梳 4 0 9 1 2 0
梵 4 4 2 1 7 0
犰 4 4 2 1 7 1
棋 4 4 9 8 1 0
棍 4 6 9 1 2 0
棒 4 5 9 5 8 0
棕 4 3 9 9 1 0
檫 4 3 9 9 1 1
枨 4 2 9 3 4 0
枣 5 0 3 0 3 0
棘 5 5 9 9 2 0
栋 4 4 9 9 4 0
棣 4 5 9 9 9 0
森 4 0 9 9 4 0
榇 4 0 9 9 4 1
棰 4 2 9 1 5 0
栖 4 1 9 6 4 0
棵 4 6 9 9 4 0
棺 4 3 9 7 7 0
椁 4 0 9 4 7 0
椅 4 4 9 2 1 0
菥 4 4 9 2 1 1
薪 4 4 9 2 1 2
椋 4 0 9 9 6 0
椎 4 0 9 1 5 0
检 4 8 9 1 9 0
椴 4 7 9 4 7 0
极 4 7 9 4 7 1
椹 4 4 9 1 8 0
椿 4 5 9 6 8 0
楂 4 4 9 1 6 0
枫 4 7 9 1 0 0
机 4 7 9 1 0 1
楔 4 7 9 8 4 0
楗 4 5 9 4 0 0
楝 4 5 9 9 6 0
楣 4 7 9 6 7 0
楦 4 3 9 1 6 0
桢 4 1 9 8 2 0
橛 4 1 9 8 2 1
楫 4 6 9 4 1 0
楱 4 5 9 8 4 0
楷 4 2 9 6 2 0
楸 4 9 9 8 0 0
乐 7 2 9 0 4 0
榀 4 6 9 6 0 0
榆 4 8 9 2 1 0
榕 4 3 9 6 8 0
榘 8 1 9 0 4 0
榛 4 5 9 9 4 0
榨 4 3 9 1 1 0
榱 4 0 9 3 2 0
榴 4 7 9 6 2 0
榷 4 4 9 1 5 0
槿 4 4 9 1 5 1
桤 4 2 9 1 7 0
槊 8 7 9 0 4 0
槌 4 7 9 3 7 0
枪 4 8 9 1 2 0
槎 4 8 9 1 2 1
槛 4 8 9 1 2 2
榄 4 8 9 1 2 3
槐 4 6 9 1 3 0
槔 4 6 9 4 8 0
样 4 8 9 5 1 0
椠 4 2 9 0 4 0
桨 3 7 9 0 4 0
粢 3 7 9 0 4 1
闲 3 7 9 0 4 2
槽 4 5 9 6 6 0
枞 4 8 9 0 0 0
樊 4 4 8 0 4 0
莫 4 4 8 0 4 1
葜 4 4 8 0 4 2
葵 4 4 8 0 4 3
荬 4 4 8 0 4 4
楼 4 9 9 4 4 0
樘 4 9 9 1 4 0
标 4 1 9 9 1 0
樟 4 0 9 4 6 0
模 4 4 9 8 4 0
椟 4 4 9 8 4 1
樨 4 7 9 5 9 0
樵 4 0 9 3 1 0
桦 4 4 9 4 1 0
樽 4 8 9 4 6 0
樾 4 3 9 8 5 0
橇 4 2 9 1 4 0
桡 4 5 9 1 2 0
桥 4 2 9 2 8 0
橐 5 0 9 0 4 0
秦 5 0 9 0 4 1
橙 4 2 9 1 8 0
横 4 4 9 8 6 0
檀 4 0 9 1 6 0
檩 4 0 9 9 1 0
柽 4 7 9 1 4 0
档 4 9 9 7 7 0
檗 7 0 9 0 4 0
檠 4 8 9 0 4 0
檬 4 4 9 3 2 0
菘 4 4 9 3 2 1
槟 4 3 9 8 1 0
柠 4 3 9 2 1 0
柜 4 1 9 1 7 0
橹 4 7 9 6 1 0
檐 4 7 9 6 1 1
栎 4 2 9 9 4 0
栌 4 1 9 0 7 0
栊 4 3 9 1 4 0
榉 4 9 9 5 8 0
栾 0 0 9 0 4 0
亲 0 0 9 0 4 1
棂 4 7 9 8 9 0
欠 2 7 8 0 2 0
负 2 7 8 0 2 1
贤 2 7 8 0 2 2
次 3 7 1 8 2 0
漱 3 7 1 8 2 1
濑 3 7 1 8 2 2
欣 7 7 2 8 2 0
肷 7 7 2 8 2 1
欷 4 7 2 8 2 0
狈 4 7 2 8 2 1
獭 4 7 2 8 2 2
欹 4 7 6 8 2 0
欺 4 7 8 8 2 0
钦 8 7 7 8 2 0
钡 8 7 7 8 2 1
锨 8 7 7 8 2 2
款 4 7 9 8 2 0
歃 2 7 7 8 2 0
饮 2 7 7 8 2 1
歆 0 7 6 8 2 0
歇 6 7 7 8 2 0
歉 8 7 2 8 2 0
歌 1 7 6 8 2 0
砍 1 7 6 8 2 1
欧 7 7 7 8 2 0
欢 7 7 4 8 2 0
歙 8 7 1 8 2 0
欤 2 7 1 8 2 0
此 2 2 1 1 0 0
纰 2 2 1 1 0 1
武 1 3 1 4 0 0
玳 1 3 1 4 0 1
歧 2 4 1 4 7 0
皱 2 4 1 4 7 1
绫 2 4 1 4 7 2
鲮 2 4 1 4 7 3
鹱 2 4 1 4 7 4
齿 2 1 7 7 2 0
归 2 7 0 7 0 0
歹 1 0 2 0 7 0
殃 1 5 2 8 0 0
殄 1 8 2 2 2 0
殆 1 3 2 6 0 0
殊 1 5 2 9 0 0
殍 1 2 2 4 7 0
殛 1 7 2 1 4 0
殒 1 6 2 8 2 0
殇 1 8 2 2 7 0
矜 1 8 2 2 7 1
殪 1 4 2 1 8 0
殓 1 8 2 1 9 0
殡 1 3 2 8 1 0
歼 1 2 2 4 0 0
段 7 7 4 4 7 0
舁 7 7 4 4 7 1
壳 4 0 2 1 7 0
毁 7 7 1 4 7 0
骣 7 7 1 4 7 1
毅 0 7 2 4 7 0
殴 7 7 7 4 7 0
母 7 7 7 5 0 0
每 8 0 7 5 7 0
毒 5 0 7 5 7 0
毖 2 2 3 3 4 0
毛 2 0 7 1 4 0
毳 2 0 7 1 4 1
毪 2 3 7 1 5 0
毯 2 9 7 1 8 0
毹 8 2 2 1 4 0
毽 2 5 7 1 4 0
牦 2 2 5 1 4 0
氅 9 8 7 1 4 0
氆 2 8 7 1 6 0
毡 2 1 7 1 6 0
氇 2 7 7 1 6 0
龟 2 7 7 1 6 1
氍 6 2 2 1 4 0
氐 7 2 7 4 0 0
氓 0 7 7 4 7 0
氕 8 0 2 1 7 0
氖 8 0 2 1 7 1
氘 8 0 2 1 7 2
氚 8 0 2 1 7 3
氛 8 0 2 1 7 4
氪 8 0 2 1 7 5
氰 8 0 2 1 7 6
气 8 0 0 1 7 0
氟 8 0 5 1 7 0
氧 8 0 5 1 7 1
氡 8 0 3 1 7 0
氤 8 0 6 1 7 0
氦 8 0 8 1 7 0
氮 8 0 8 1 7 1
氨 8 0 4 1 7 0
氢 8 0 1 1 7 0
氩 8 0 1 1 7 1
氲 8 0 1 1 7 2
氯 8 0 9 1 7 0
永 3 0 9 0 2 0
氽 8 0 9 0 2 0
汆 8 0 9 0 2 1
汀 3 1 1 2 0 0
河 3 1 1 2 0 1
汁 3 4 1 0 0 0
澍 3 4 1 0 0 1
求 4 3 9 0 9 0
汊 3 7 1 4 3 0
汐 3 7 1 2 3 0
汔 3 8 1 1 7 0
汽 3 8 1 1 7 1
汕 3 2 1 7 0 0
汹 3 2 1 7 0 1
汗 3 1 1 4 0 0
洱 3 1 1 4 0 1
污 3 1 1 2 7 0
沔 3 1 1 2 7 1
濡 3 1 1 2 7 2
沥 3 1 1 2 7 3
灞 3 1 1 2 7 4
汛 3 7 1 1 0 0
汜 3 7 1 1 7 0
沉 3 7 1 1 7 1
淝 3 7 1 1 7 2
滟 3 7 1 1 7 3
汞 1 0 9 0 2 0
泵 1 0 9 0 2 1
汨 3 6 1 0 0 0
汩 3 6 1 0 0 1
泅 3 6 1 0 0 2
泗 3 6 1 0 0 3
洄 3 6 1 0 0 4
洇 3 6 1 0 0 5
洳 3 6 1 0 0 6
涸 3 6 1 0 0 7
泪 3 6 1 0 0 8
湘 3 6 1 0 0 9
溷 3 6 1 0 0 10
涠 3 6 1 0 0 11
汪 3 1 1 1 4 0
涯 3 1 1 1 4 1
湮 3 1 1 1 4 2
沤 3 1 1 1 4 3
汰 3 4 1 3 0 0
汲 3 7 1 4 7 0
没 3 7 1 4 7 1
泯 3 7 1 4 7 2
浸 3 7 1 4 7 3
溲 3 7 1 4 7 4
浔 3 7 1 4 7 5
潺 3 7 1 4 7 6
汴 3 0 1 3 0 0
汶 3 0 1 4 0 0
决 3 5 1 8 0 0
泱 3 5 1 8 0 1
浃 3 5 1 8 0 2
汾 3 8 1 2 7 0
涕 3 8 1 2 7 1
瀚 3 8 1 2 7 2
瀹 3 8 1 2 7 3
沁 3 3 1 0 0 0
沂 3 2 1 2 1 0
浙 3 2 1 2 1 1
淅 3 2 1 2 1 2
渐 3 2 1 2 1 3
澌 3 2 1 2 1 4
沃 3 2 1 8 4 0
溪 3 2 1 8 4 1
沆 3 0 1 1 7 0
瀛 3 0 1 1 7 1
沌 3 5 1 1 7 0
沐 3 4 1 9 0 0
淋 3 4 1 9 0 1
沓 1 2 6 0 9 0
冲 3 5 1 0 6 0
沙 3 9 1 2 0 0
渺 3 9 1 2 0 1
沛 3 5 1 2 7 0
沸 3 5 1 2 7 1
清 3 5 1 2 7 2
泽 3 7 1 5 4 0
洚 3 7 1 5 4 1
浑 3 7 1 5 4 2
沣 3 5 1 0 0 0
沫 3 5 1 9 0 0
洙 3 5 1 9 0 1
涞 3 5 1 9 0 2
沭 3 3 1 9 4 0
沮 3 7 1 1 2 0
泡 3 7 1 1 2 1
泥 3 7 1 1 2 2
洫 3 7 1 1 2 3
浼 3 7 1 1 2 4
泾 3 7 1 1 2 5
沱 3 3 1 1 2 0
浣 3 3 1 1 2 1
沲 3 8 1 1 2 0
沦 3 8 1 1 2 1
湓 3 8 1 1 2 2
溢 3 8 1 1 2 3
沧 3 8 1 1 2 4
滥 3 8 1 1 2 5
浓 3 4 1 3 2 0
法 3 4 1 3 2 1
势 5 5 4 2 7 0
厢 7 1 2 6 0 0
阽 7 1 2 6 0 1
轨 4 4 5 1 7 0
芄 4 4 5 1 7 1
油 3 5 1 6 0 0
沼 3 7 1 6 2 0
溜 3 7 1 6 2 1
沽 3 4 1 6 0 0
渚 3 4 1 6 0 1
潴 3 4 1 6 0 2
沾 3 1 1 6 0 0
沿 3 7 1 6 1 0
澹 3 7 1 6 1 1
况 3 6 1 1 2 0
混 3 6 1 1 2 1
温 3 6 1 1 2 2
湿 3 6 1 1 2 3
泄 3 4 1 1 7 0
港 3 4 1 1 7 1
泉 2 6 9 0 2 0
泊 3 6 1 0 2 0
洎 3 6 1 0 2 1
泌 3 3 1 0 4 0
泐 3 4 1 2 7 0
洧 3 4 1 2 7 1
浠 3 4 1 2 7 2
淆 3 4 1 2 7 3
渤 3 4 1 2 7 4
满 3 4 1 2 7 5
沩 3 4 1 2 7 6
滞 3 4 1 2 7 7
潸 3 4 1 2 7 8
涝 3 4 1 2 7 9
潇 3 4 1 2 7 10
泓 3 2 1 3 0 0
泔 3 4 1 7 0 0
泛 3 2 1 3 2 0
派 3 2 1 3 2 1
泣 3 0 1 1 8 0
注 3 0 1 1 4 0
泫 3 0 1 3 2 0
滚 3 0 1 3 2 1
濠 3 0 1 3 2 2
泮 3 9 1 5 0 0
泰 5 0 9 0 9 0
隶 5 0 9 0 9 1
泳 3 3 1 9 2 0
洋 3 8 1 5 1 0
洛 3 7 1 6 4 0
潞 3 7 1 6 4 1
阔 3 7 1 6 4 2
津 3 5 1 0 7 0
洪 3 4 1 8 1 0
淇 3 4 1 8 1 1
滇 3 4 1 8 1 2
洹 3 1 1 1 6 0
活 3 2 1 6 4 0
洽 3 8 1 6 1 0
流 3 0 1 1 2 0
漉 3 0 1 1 2 1
浚 3 3 1 4 7 0
泼 3 3 1 4 7 1
浜 3 2 1 8 1 0
浞 3 6 1 8 1 0
浦 3 3 1 2 7 0
浩 3 4 1 6 1 0
洁 3 4 1 6 1 1
浪 3 3 1 3 2 0
浮 3 2 1 4 7 0
鼗 3 2 1 4 7 1
浯 3 1 1 6 1 0
浴 3 8 1 6 8 0
海 3 8 1 5 7 0
涅 3 6 1 1 4 0
湟 3 6 1 1 4 1
消 3 9 1 2 7 0
淌 3 9 1 2 7 1
潲 3 9 1 2 7 2
涉 3 1 1 2 1 0
涎 3 2 1 4 1 0
涑 3 5 1 9 6 0
涓 3 6 1 2 7 0
涡 3 6 1 2 7 1
渭 3 6 1 2 7 2
渴 3 6 1 2 7 3
溻 3 6 1 2 7 4
涔 3 2 1 2 7 0
湍 3 2 1 2 7 1
渎 3 4 1 8 4 0
漠 3 4 1 8 4 1
涪 3 0 1 6 1 0
涫 3 3 1 7 7 0
涵 3 7 1 7 2 0
凉 3 0 1 9 6 0
涿 3 1 1 3 2 0
淄 3 2 1 6 3 0
淑 3 7 1 4 0 0
溆 3 7 1 4 0 1
汉 3 7 1 4 0 2
凄 3 5 1 4 4 0
淖 3 1 1 4 6 0
潭 3 1 1 4 6 1
淙 3 3 1 9 1 0
淠 3 6 1 2 1 0
濞 3 6 1 2 1 1
淡 3 9 1 8 9 0
淤 3 8 1 3 3 0
渌 3 7 1 9 9 0
淦 3 8 1 1 9 0
滏 3 8 1 1 9 1
淫 3 2 1 1 4 0
淬 3 0 1 4 8 0
深 3 7 1 9 4 0
涤 3 7 1 9 4 1
淹 3 4 1 1 6 0
渣 3 4 1 1 6 1
浅 3 3 1 5 0 0
减 3 3 1 5 0 1
溅 3 3 1 5 0 2
添 3 1 1 3 8 0
淼 1 2 9 9 2 0
济 3 0 1 2 4 0
涣 3 7 1 8 4 0
澳 3 7 1 8 4 1
渝 3 8 1 2 1 0
湔 3 8 1 2 1 1
渠 3 1 9 0 4 0
渥 3 7 1 1 4 0
渲 3 3 1 1 6 0
游 3 8 1 4 7 0
湃 3 1 1 5 0 0
湄 3 7 1 6 7 0
凑 3 5 1 8 4 0
湎 3 1 1 6 2 0
湛 3 4 1 1 8 0
浈 3 1 1 8 2 0
濒 3 1 1 8 2 1
灏 3 1 1 8 2 2
湫 3 9 1 8 0 0
溏 3 0 1 6 5 0
源 3 1 1 9 6 0
溟 3 7 1 8 0 0
溥 3 3 1 4 2 0
溧 3 1 1 9 4 0
溱 3 5 1 9 4 0
溴 3 6 1 8 4 0
溶 3 3 1 6 8 0
溽 3 1 1 4 3 0
滂 3 0 1 2 7 0
滴 3 0 1 2 7 1
漓 3 0 1 2 7 2
湾 3 0 1 2 7 3
窍 3 0 1 2 7 4
骞 3 0 1 2 7 5
灭 1 0 8 0 9 0
荥 4 4 9 0 2 0
滓 3 3 1 4 1 0
滔 3 2 1 7 7 0
滕 7 9 2 9 9 0
泷 3 3 1 1 4 0
沪 3 3 1 0 7 0
渗 3 3 1 2 2 0
浒 3 8 1 4 0 0
澈 3 8 1 4 0 1
澉 3 8 1 4 0 2
激 3 8 1 4 0 3
潋 3 8 1 4 0 4
滹 3 1 1 4 9 0
渔 3 7 1 1 6 0
漂 3 1 1 9 1 0
漆 3 4 1 9 9 0
演 3 3 1 8 6 0
漕 3 5 1 6 6 0
涟 3 4 1 3 5 0
漤 3 4 1 4 4 0
漩 3 8 1 8 1 0
漪 3 4 1 2 1 0
漫 3 6 1 4 7 0
渍 3 5 1 8 2 0
溃 3 5 1 8 2 1
漭 3 4 1 4 8 0
漯 3 6 1 9 3 0
涨 3 2 1 3 4 0
漳 3 0 1 4 6 0
漶 3 5 1 3 6 0
浊 3 5 1 3 6 1
漾 3 8 1 9 2 0
浆 3 7 9 0 2 0
颍 2 1 9 8 2 0
颖 2 1 9 8 2 1
灌 3 4 1 1 5 0
潘 3 2 1 6 9 0
潜 3 5 1 6 8 0
潢 3 4 1 8 6 0
潦 3 4 1 9 6 0
滗 3 8 1 1 4 0
涩 3 7 1 1 1 0
瀣 3 7 1 1 1 1
澄 3 2 1 1 8 0
浇 3 5 1 1 2 0
澎 3 2 1 2 2 0
渑 3 6 1 1 6 0
澡 3 6 1 9 4 0
澧 3 5 1 1 8 0
泶 9 0 9 0 2 0
淀 3 3 1 8 1 0
滨 3 3 1 8 1 1
澶 3 0 1 1 6 0
濂 3 0 1 3 7 0
泞 3 3 1 2 1 0
蒙 4 4 2 3 2 0
猿 4 4 2 3 2 1
涛 3 5 1 4 0 0
濮 3 2 1 8 5 0
濯 3 7 1 1 5 0
泺 3 2 1 9 4 0
滤 3 1 1 3 1 0
滢 3 4 1 1 3 0
渖 3 3 1 5 6 0
瀑 3 6 1 9 9 0
泸 3 1 1 0 7 0
潆 3 4 1 9 3 0
瀵 3 9 1 8 1 0
滠 3 1 1 4 7 0
洒 3 1 1 6 4 0
酒 3 1 1 6 4 1
滦 3 0 1 9 4 0
火 9 0 8 0 0 0
灰 4 0 8 0 9 0
灶 9 4 8 1 0 0
灸 2 7 8 0 9 0
炙 2 7 8 0 9 1
灼 9 7 8 2 0 0
炯 9 7 8 2 0 1
煳 9 7 8 2 0 2
焖 9 7 8 2 0 3
灾 3 0 8 0 9 0
炅 6 0 8 0 9 0
炊 9 7 8 8 2 0
炎 9 0 8 0 9 0
炒 9 9 8 2 0 0
炔 9 5 8 8 0 0
炕 9 0 8 1 7 0
炫 9 0 8 3 2 0
炬 9 1 8 1 7 0
炭 2 2 8 0 9 0
炮 9 7 8 1 2 0
烃 9 7 8 1 2 1
炱 2 3 8 0 9 0
炳 9 1 8 2 7 0
炷 9 0 8 1 4 0
炸 9 8 8 1 1 0
烂 9 8 8 1 1 1
为 3 4 0 2 7 0
炻 9 1 8 6 2 0
烀 9 2 8 4 9 0
烈 1 2 3 3 0 0
烊 9 8 8 5 1 0
乌 2 7 1 2 7 0
绑 2 7 1 2 7 1
邹 2 7 1 2 7 2
邬 2 7 1 2 7 3
酆 2 7 1 2 7 4
鸟 2 7 1 2 7 5
鸳 2 7 1 2 7 6
烘 9 4 8 8 1 0
烙 9 7 8 6 4 0
烤 9 4 8 2 7 0
烯 9 4 8 2 7 1
烷 9 3 8 1 2 0
烹 0 0 3 3 2 0
烽 9 7 8 5 4 0
焉 1 0 3 2 7 0
焊 9 6 8 4 1 0
焐 9 1 8 6 1 0
焓 9 8 8 6 2 0
焰 9 7 8 7 7 0
焙 9 0 8 6 1 0
焚 4 4 8 0 9 0
荧 4 4 8 0 9 1
无 1 0 4 1 2 0
焦 2 0 3 3 1 0
熏 2 0 3 3 1 1
焯 9 1 8 4 6 0
焱 9 0 8 8 9 0
然 2 3 3 3 8 0
烧 9 5 8 1 2 0
煅 9 7 8 4 7 0
炼 9 5 8 9 4 0
煊 9 3 8 1 6 0
煌 9 6 8 1 4 0
炜 9 5 8 2 7 0
烟 9 6 8 0 0 0
煜 9 6 8 1 8 0
茕 4 4 4 1 7 0
艽 4 4 4 1 7 1
煤 9 4 8 9 4 0
焕 9 7 8 8 4 0
燠 9 7 8 8 4 1
煦 6 7 3 3 2 0
照 6 7 3 3 6 0
煨 9 6 8 3 2 0
烦 9 1 8 8 2 0
炀 9 7 8 2 7 0
郯 9 7 8 2 7 1
煲 2 6 8 0 9 0
煸 9 3 8 2 7 0
煽 9 3 8 2 7 1
煺 9 7 8 3 3 0
烬 9 7 8 3 3 1
熄 9 6 8 3 0 0
熔 9 3 8 6 8 0
炝 9 8 8 1 2 0
熘 9 7 8 6 2 0
熠 9 7 8 6 2 1
熙 7 7 3 3 1 0
熟 0 5 3 3 1 0
熨 7 4 8 0 9 0
熬 5 8 3 3 4 0
热 5 5 3 3 1 0
熳 9 6 8 4 7 0
熵 9 0 8 2 7 0
熹 4 0 3 3 6 0
炽 9 6 8 8 0 0
烨 9 4 8 4 1 0
燃 9 3 8 3 8 0
灯 9 1 8 2 0 0
炖 9 5 8 1 7 0
燎 9 4 8 9 6 0
燔 9 2 8 6 9 0
燕 4 4 3 3 1 0
蒸 4 4 3 3 1 1
蕉 4 4 3 3 1 2
薰 4 4 3 3 1 3
烫 3 7 8 0 9 0
燥 9 6 8 9 4 0
灿 9 2 8 7 0 0
燧 9 8 8 3 3 0
烛 9 5 8 3 6 0
燮 9 9 4 0 7 0
烩 9 8 8 3 2 0
燹 1 1 8 0 9 0
焘 5 0 3 3 4 0
爆 9 6 8 9 9 0
烁 9 2 8 9 4 0
炉 9 3 8 0 7 0
爝 9 2 8 4 6 0
爨 7 7 8 0 9 0
爪 7 2 2 3 0 0
瓜 7 2 2 3 0 1
胍 7 2 2 3 0 2
爬 7 7 2 3 1 0
争 2 7 5 0 7 0
爻 4 0 4 0 0 0
尔 2 7 9 0 2 0
片 2 2 0 2 7 0
版 2 2 0 4 7 0
牌 2 6 0 4 0 0
牒 2 4 0 9 4 0
牖 2 3 0 2 7 0
牍 2 4 0 8 4 0
牛 2 5 0 0 0 0
牝 2 2 5 1 0 0
牟 2 3 5 0 0 0
牡 2 4 5 1 0 0
魁 2 4 5 1 0 1
牧 2 8 5 4 0 0
物 2 7 5 2 0 0
牮 2 3 5 0 4 0
牯 2 4 5 6 0 0
牲 2 5 5 1 0 0
特 2 4 5 4 1 0
牵 4 0 5 0 2 0
牾 2 1 5 6 1 0
牿 2 4 5 6 1 0
犀 7 7 2 5 9 0
犁 2 2 5 0 0 0
犄 2 4 5 2 1 0
犋 2 7 5 8 1 0
犍 2 5 5 4 0 0
犏 2 3 5 2 7 0
犒 2 0 5 2 7 0
犊 2 4 5 8 4 0
牺 2 1 5 6 4 0
犬 4 3 8 0 0 0
贰 4 3 8 0 0 1
犴 4 1 2 4 0 0
状 3 3 1 8 4 0
狁 4 3 2 1 2 0
犹 4 3 2 1 2 1
狂 4 1 2 1 4 0
狄 4 9 2 8 0 0
狎 4 6 2 5 0 0
狐 4 2 2 3 0 0
瓠 4 2 2 3 0 1
狗 4 7 2 2 0 0
猢 4 7 2 2 0 1
狠 4 7 2 3 2 0
狡 4 0 2 4 8 0
猝 4 0 2 4 8 1
狩 4 3 2 4 2 0
狳 4 8 2 9 4 0
狴 4 2 2 1 4 0
狷 4 6 2 2 7 0
猡 4 6 2 2 7 1
猬 4 6 2 2 7 2
狸 4 6 2 1 5 0
猩 4 6 2 1 5 1
狺 4 0 2 6 1 0
狻 4 3 2 4 7 0
狼 4 3 2 3 2 0
猓 4 6 2 9 4 0
猗 4 4 2 2 1 0
芹 4 4 2 2 1 1
荇 4 4 2 2 1 2
荷 4 4 2 2 1 3
蘅 4 4 2 2 1 4
狰 4 7 2 5 7 0
猞 4 8 2 6 4 0
猥 4 6 2 3 2 0
猱 4 7 2 9 4 0
猴 4 7 2 8 4 0
猷 8 3 6 8 4 0
猸 4 7 2 6 7 0
猹 4 4 2 1 6 0
狲 4 9 2 0 0 0
狱 4 3 2 8 4 0
献 4 3 2 8 4 1
狮 4 1 2 2 7 0
獒 5 8 8 0 4 0
獠 4 4 2 9 6 0
独 4 5 2 3 6 0
狯 4 8 2 3 2 0
猃 4 8 2 1 9 0
獬 4 7 2 5 2 0
獯 4 2 2 3 1 0
狞 4 3 2 2 1 0
获 4 4 2 8 4 0
茯 4 4 2 8 4 1
蔟 4 4 2 8 4 2
猎 4 4 2 6 1 0
萜 4 4 2 6 1 1
蓓 4 4 2 6 1 2
猕 4 7 2 9 2 0
率 0 0 4 0 3 0
玉 1 0 1 0 3 0
玎 1 1 1 2 0 0
珂 1 1 1 2 0 1
玖 1 7 1 8 0 0
玟 1 0 1 4 0 0
玢 1 8 1 2 7 0
骛 1 8 1 2 7 1
鹜 1 8 1 2 7 2
玩 1 1 1 1 2 0
豇 1 1 1 1 2 1
玲 1 8 1 3 2 0
玷 1 1 1 6 0 0
玻 1 4 1 4 7 0
豉 1 4 1 4 7 1
珀 1 6 1 0 2 0
珈 1 6 1 0 0 0
珉 1 7 1 4 7 0
瑕 1 7 1 4 7 1
珊 1 7 1 4 0 0
珍 1 8 1 2 2 0
珏 1 1 1 1 3 0
珙 1 4 1 8 1 0
琪 1 4 1 8 1 1
珞 1 7 1 6 4 0
琚 1 7 1 6 4 1
璐 1 7 1 6 4 2
珠 1 5 1 9 0 0
珥 1 1 1 4 0 0
珧 1 2 1 1 3 0
珩 1 1 1 2 1 0
现 1 7 1 1 2 0
觋 1 7 1 1 2 1
球 1 3 1 9 9 0
理 1 6 1 1 5 0
琛 1 7 1 9 4 0
璨 1 7 1 9 4 1
琢 1 1 1 3 2 0
璩 1 1 1 3 2 1
琥 1 1 1 1 7 0
甄 1 1 1 1 7 1
琦 1 4 1 2 1 0
琨 1 6 1 1 2 0
琬 1 3 1 1 2 0
豌 1 3 1 1 2 1
琮 1 3 1 9 1 0
琰 1 9 1 8 9 0
琳 1 4 1 9 0 0
琴 1 1 2 0 7 0
琵 1 1 7 1 2 0
琶 1 1 7 1 7 0
珲 1 7 1 5 4 0
瑁 1 6 1 6 0 0
玮 1 5 1 2 7 0
瑗 1 2 1 4 7 0
瑷 1 2 1 4 7 1
瑙 1 2 1 6 2 0
瑚 1 7 1 2 0 0
羽 1 7 1 2 0 1
习 1 7 1 2 0 2
瑛 1 4 1 8 5 0
瑜 1 8 1 2 1 0
瑞 1 2 1 2 7 0
瑟 1 1 3 3 4 0
琐 1 9 1 8 2 0
瑶 1 2 1 7 2 0
莹 4 4 1 0 3 0
瑭 1 0 1 6 5 0
琅 1 3 1 3 2 0
瑰 1 6 1 1 3 0
瑾 1 4 1 1 5 0
璀 1 2 1 1 5 0
璁 1 6 1 3 0 0
璃 1 0 1 2 7 0
霈 1 0 1 2 7 1
璇 1 8 1 8 1 0
琏 1 4 1 3 5 0
璋 1 0 1 4 6 0
璜 1 4 1 8 6 0
璞 1 2 1 8 5 0
玑 1 7 1 1 0 0
虱 1 7 1 1 0 1
巩 1 7 1 1 0 2
璧 7 0 1 0 3 0
环 1 1 1 9 0 0
璺 7 7 1 0 3 0
玺 2 7 1 0 3 0
琼 1 0 1 9 6 0
珑 1 3 1 1 4 0
璎 1 7 1 4 4 0
瓒 1 4 1 8 2 0
瓞 7 5 2 3 8 0
瓢 1 2 9 3 0 0
瓣 0 0 4 4 1 0
辨 0 0 4 4 1 1
辫 0 0 4 4 1 2
辩 0 0 4 4 1 3
瓤 0 2 7 3 0 0
瓴 8 1 3 1 7 0
瓶 8 1 4 1 7 0
瓷 3 7 7 1 7 0
记 3 7 7 1 7 1
瓿 0 1 6 1 7 0
甏 4 2 7 1 7 0
甑 8 1 6 1 7 0
甓 7 0 7 1 7 0
甙 4 3 7 0 0 0
甚 4 4 7 1 8 0
葚 4 4 7 1 8 1
甜 2 4 6 7 0 0
生 2 5 1 0 0 0
甥 2 6 1 2 7 0
绢 2 6 1 2 7 1
绵 2 6 1 2 7 2
鳄 2 6 1 2 7 3
鳎 2 6 1 2 7 4
甫 5 3 2 2 7 0
由 5 0 6 0 0 0
甲 6 0 5 0 0 0
甾 2 2 6 0 3 0
畀 6 0 2 2 1 0
留 7 7 6 0 2 0
界 6 0 2 2 8 0
畔 6 9 0 5 0 0
畚 2 3 6 0 8 0
畛 6 8 0 2 2 0
畜 0 0 6 0 3 0
亩 0 0 6 0 0 0
毕 2 2 4 0 1 0
番 2 0 6 0 9 0
香 2 0 6 0 9 1
画 1 0 7 7 2 0
异 7 7 4 4 1 0
畲 8 0 6 0 9 0
畿 2 2 6 5 3 0
疆 1 1 1 1 6 0
畴 6 5 0 4 0 0
疋 1 7 8 0 1 0
翼 1 7 8 0 1 1
跫 1 7 8 0 1 2
疏 1 0 1 1 7 0
疑 2 7 8 8 1 0
疒 0 0 1 0 0 0
疔 0 0 1 2 1 0
疴 0 0 1 2 1 1
痹 0 0 1 2 1 2
疙 0 0 1 1 7 0
疤 0 0 1 1 7 1
疯 0 0 1 1 7 2
疚 0 0 1 8 7 0
瘐 0 0 1 8 7 1
疝 0 0 1 7 2 0
癌 0 0 1 7 2 1
疣 0 0 1 1 2 0
疱 0 0 1 1 2 1
疵 0 0 1 1 2 2
疽 0 0 1 1 2 3
痉 0 0 1 1 2 4
痖 0 0 1 1 2 5
瘟 0 0 1 1 2 6
疮 0 0 1 1 2 7
瘥 0 0 1 1 2 8
瘪 0 0 1 1 2 9
疥 0 0 1 2 8 0
疫 0 0 1 4 7 0
疲 0 0 1 4 7 1
瘕 0 0 1 4 7 2
瘢 0 0 1 4 7 3
瘦 0 0 1 4 7 4
癜 0 0 1 4 7 5
疰 0 0 1 1 4 0
痊 0 0 1 1 4 1
痤 0 0 1 1 4 2
疟 0 0 1 1 4 3
瘗 0 0 1 1 4 4
癍 0 0 1 1 4 5
疳 0 0 1 7 4 0
疸 0 0 1 1 6 0
疹 0 0 1 2 2 0
瘳 0 0 1 2 2 1
疼 0 0 1 3 3 0
瘀 0 0 1 3 3 1
疾 0 0 1 8 4 0
瘊 0 0 1 8 4 1
痪 0 0 1 8 4 2
瘼 0 0 1 8 4 3
痂 0 0 1 6 0 0
痼 0 0 1 6 0 1
痴 0 0 1 6 0 2
痃 0 0 1 3 2 0
痕 0 0 1 3 2 1
瘃 0 0 1 3 2 2
瘛 0 0 1 3 2 3
痄 0 0 1 1 1 0
症 0 0 1 1 1 1
痱 0 0 1 1 1 2
病 0 0 1 2 7 0
痛 0 0 1 2 7 1
疡 0 0 1 2 7 2
瘠 0 0 1 2 7 3
瘸 0 0 1 2 7 4
疗 0 0 1 2 7 5
痨 0 0 1 2 7 6
痫 0 0 1 2 7 7
疠 0 0 1 2 7 8
疖 0 0 1 2 7 9
疬 0 0 1 2 7 10
痈 0 0 1 2 7 11
鸾 0 0 1 2 7 12
痍 0 0 1 8 2 0
癞 0 0 1 8 2 1
癫 0 0 1 8 2 2
痔 0 0 1 4 1 0
癖 0 0 1 4 1 1
痘 0 0 1 1 8 0
痞 0 0 1 6 9 0
痢 0 0 1 2 0 0
瘌 0 0 1 2 0 1
痣 0 0 1 3 1 0
痦 0 0 1 6 1 0
瘩 0 0 1 6 1 1
痧 0 0 1 2 9 0
痰 0 0 1 8 9 0
痿 0 0 1 4 4 0
瘘 0 0 1 4 4 1
瘿 0 0 1 4 4 2
瘁 0 0 1 4 8 0
瘙 0 0 1 3 6 0
癔 0 0 1 3 6 1
蛮 0 0 1 3 6 2
瘤 0 0 1 6 2 0
瘭 0 0 1 9 1 0
瘵 0 0 1 9 1 1
瘰 0 0 1 9 3 0
瘴 0 0 1 4 6 0
癀 0 0 1 8 6 0
癃 0 0 1 1 5 0
癯 0 0 1 1 5 1
瘫 0 0 1 1 5 2
瘅 0 0 1 5 6 0
痒 0 0 1 5 1 0
癣 0 0 1 5 1 1
瘾 0 0 1 3 7 0
癸 1 2 8 0 4 0
发 2 3 4 0 7 0
登 1 2 1 0 8 0
百 1 0 6 0 2 0
石 1 0 6 0 2 1
面 1 0 6 0 2 2
皂 2 6 7 1 4 0
皈 2 2 6 4 7 0
皋 2 6 4 0 8 0
皎 2 0 6 4 8 0
皓 2 4 6 6 1 0
皖 2 3 6 1 2 0
皑 2 2 6 1 7 0
皤 2 2 6 6 9 0
皴 2 4 4 4 7 0
皲 3 4 5 4 7 0
盅 5 0 1 0 2 0
盎 5 0 1 0 2 1
蛊 5 0 1 0 2 2
盛 5 3 1 0 2 0
盏 5 3 1 0 2 1
盗 3 7 1 0 2 0
阖 3 7 1 0 2 1
盟 6 7 1 0 2 0
监 2 8 1 0 2 0
盘 2 7 1 0 2 0
血 2 7 1 0 2 1
卢 2 1 2 0 7 0
目 6 0 1 0 1 0
罡 6 0 1 0 1 1
盲 0 0 6 0 1 0
言 0 0 6 0 1 1
音 0 0 6 0 1 2
盾 7 2 2 6 4 0
省 9 0 6 0 2 0
眉 7 7 2 6 7 0
看 2 0 6 0 5 0
眙 6 3 0 6 0 0
眚 2 5 6 0 1 0
真 4 0 8 0 1 0
走 4 0 8 0 1 1
眢 2 7 6 0 1 0
鲁 2 7 6 0 1 1
眶 6 1 6 1 1 0
眷 9 0 6 0 8 0
眺 6 2 0 1 3 0
众 8 0 8 8 0 0
睁 6 7 0 5 7 0
睫 6 5 0 8 1 0
睬 6 2 0 9 4 0
睾 2 6 4 0 1 0
睿 2 1 6 0 8 0
瞀 1 8 6 0 4 0
瞎 6 3 0 6 5 0
瞠 6 9 0 1 4 0
瞢 4 4 6 0 2 0
苕 4 4 6 0 2 1
茗 4 4 6 0 2 2
菪 4 4 6 0 2 3
蒈 4 4 6 0 2 4
瞥 9 8 6 0 4 0
瞬 6 2 0 5 2 0
瞵 6 9 0 5 9 0
睑 6 8 0 1 9 0
瞽 4 4 6 0 4 0
若 4 4 6 0 4 1
苦 4 4 6 0 4 2
茜 4 4 6 0 4 3
著 4 4 6 0 4 4
薯 4 4 6 0 4 5
瞿 6 6 2 1 5 0
矍 6 6 4 0 7 0
矛 1 7 2 2 2 0
矣 2 3 8 0 4 0
知 8 6 8 0 0 0
矧 8 2 8 0 0 0
矩 8 1 8 1 7 0
矬 8 8 8 1 4 0
短 8 1 8 1 8 0
矮 8 2 8 4 4 0
矫 8 2 8 2 8 0
矸 1 1 6 4 0 0
砑 1 1 6 4 0 1
研 1 1 6 4 0 2
酐 1 1 6 4 0 3
矾 1 7 6 1 0 0
砜 1 7 6 1 0 1
矶 1 7 6 1 0 2
砂 1 9 6 2 0 0
砉 5 0 6 0 2 0
砒 1 2 6 1 0 0
砘 1 5 6 1 7 0
砝 1 4 6 3 2 0
礞 1 4 6 3 2 1
砟 1 8 6 1 1 0
酢 1 8 6 1 1 1
砣 1 3 6 1 2 0
碗 1 3 6 1 2 1
酡 1 3 6 1 2 2
砥 1 2 6 4 0 0
砧 1 1 6 6 0 0
砩 1 5 6 2 7 0
砬 1 0 6 1 8 0
砭 1 2 6 3 2 0
砰 1 1 6 4 9 0
破 1 4 6 4 7 0
酵 1 4 6 4 7 1
砷 1 5 6 0 6 0
砸 1 1 6 1 2 0
砹 1 4 6 4 0 0
砼 1 8 6 1 2 0
碰 1 8 6 1 2 1
磋 1 8 6 1 2 2
硅 1 4 6 1 4 0
醛 1 4 6 1 4 1
硇 1 6 6 0 2 0
碧 1 6 6 0 2 1
硌 1 7 6 6 4 0
酪 1 7 6 6 4 1
硒 1 1 6 6 4 0
硝 1 9 6 2 7 0
硖 1 5 6 8 0 0
砗 1 4 6 5 0 0
硫 1 0 6 1 2 0
醯 1 0 6 1 2 1
硬 1 1 6 4 6 0
硭 1 4 6 1 0 0
砚 1 7 6 1 2 0
碇 1 3 6 8 1 0
碌 1 7 6 9 9 0
碍 1 6 6 4 1 0
碎 1 0 6 4 8 0
醉 1 0 6 4 8 1
碑 1 6 6 4 0 0
碓 1 0 6 1 5 0
碘 1 5 6 8 1 0
碚 1 0 6 6 1 0
醅 1 0 6 6 1 1
碟 1 4 6 9 4 0
碡 1 5 6 5 7 0
碣 1 6 6 2 7 0
碥 1 3 6 2 7 0
硕 1 1 6 8 2 0
砀 1 7 6 2 7 0
确 1 7 6 2 7 1
码 1 7 6 2 7 2
邵 1 7 6 2 7 3
郡 1 7 6 2 7 4
酃 1 7 6 2 7 5
醑 1 7 6 2 7 6
碲 1 0 6 2 7 0
磅 1 0 6 2 7 1
碳 1 2 6 8 9 0
碴 1 4 6 1 6 0
碹 1 3 6 1 6 0
碾 1 7 6 3 2 0
磁 1 8 6 3 2 0
磉 1 7 6 9 4 0
磊 1 0 6 6 2 0
磔 1 5 6 9 4 0
磕 1 4 6 1 2 0
酏 1 4 6 1 2 1
酰 1 4 6 1 2 2
醢 1 4 6 1 2 3
磙 1 0 6 3 2 0
砖 1 5 6 3 2 0
碜 1 3 6 2 2 0
碛 1 5 6 8 2 0
磨 0 0 2 6 2 0
磬 4 7 6 0 2 0
磲 1 1 6 9 4 0
磴 1 2 6 1 8 0
磷 1 9 6 5 9 0
磺 1 4 6 8 6 0
硗 1 5 6 1 2 0
礁 1 0 6 3 1 0
醮 1 0 6 3 1 1
礅 1 8 6 4 0 0
硷 1 8 6 1 9 0
础 1 2 6 7 2 0
礓 1 1 6 1 6 0
礤 1 4 6 9 1 0
矿 1 0 6 0 0 0
砺 1 1 6 2 7 0
酾 1 1 6 2 7 1
砾 1 2 6 9 4 0
酥 1 2 6 9 4 1
砻 4 3 6 0 2 0
礴 1 4 6 4 2 0
示 1 0 9 0 1 0
票 1 0 9 0 1 1
礻 3 0 2 0 3 0
衤 3 0 2 0 3 1
社 3 4 2 1 0 0
祆 3 1 2 8 4 0
祈 3 2 2 2 1 0
祉 3 1 2 1 0 0
祓 3 3 2 4 7 0
黻 3 3 2 4 7 1
祖 3 7 2 1 2 0
袍 3 7 2 1 2 1
视 3 7 2 1 2 2
阅 3 7 2 1 2 3
阋 3 7 2 1 2 4
祗 3 2 2 4 0 0
祚 3 8 2 1 1 0
祛 3 4 2 3 2 0
祜 3 4 2 6 0 0
褚 3 4 2 6 0 1
祝 3 6 2 1 2 0
神 3 5 2 0 6 0
祥 3 8 2 5 1 0
祧 3 2 2 1 3 0
祭 2 7 9 0 1 0
祺 3 4 2 8 1 0
禄 3 7 2 9 9 0
禁 4 4 9 0 1 0
萘 4 4 9 0 1 1
蔡 4 4 9 0 1 2
禊 3 7 2 8 4 0
祸 3 6 2 2 7 0
裼 3 6 2 2 7 1
褐 3 6 2 2 7 2
祯 3 1 2 8 2 0
福 3 1 2 6 6 0
禚 3 8 2 3 1 0
禧 3 4 2 6 1 0
褡 3 4 2 6 1 1
禅 3 8 2 5 6 0
礼 3 2 2 1 0 0
祢 3 7 2 9 2 0
祷 3 5 2 4 0 0
私 2 2 9 3 0 0
秆 2 1 9 4 0 0
秉 2 0 9 0 7 0
秋 2 9 9 8 0 0
科 2 4 9 0 0 0
秒 2 9 9 2 0 0
秕 2 2 9 1 0 0
秘 2 3 9 0 4 0
租 2 7 9 1 2 0
秣 2 5 9 9 0 0
秤 2 1 9 4 9 0
秧 2 5 9 8 0 0
秩 2 5 9 8 0 1
秫 2 3 9 9 4 0
秭 2 5 9 2 7 0
秸 2 4 9 6 1 0
穑 2 4 9 6 1 1
移 2 7 9 2 7 0
邾 2 7 9 2 7 1
稀 2 4 9 2 7 0
稂 2 3 9 3 2 0
稼 2 3 9 3 2 1
稃 2 2 9 4 7 0
税 2 8 9 1 2 0
稆 2 6 9 6 0 0
程 2 6 9 1 4 0
稍 2 9 9 2 7 0
稔 2 8 9 3 2 0
稗 2 6 9 4 0 0
稚 2 0 9 1 5 0
稞 2 6 9 9 4 0
禀 0 0 9 1 1 0
稠 2 7 9 2 0 0
种 2 5 9 0 6 0
称 2 7 9 9 2 0
稻 2 2 9 7 7 0
稷 2 6 9 4 7 0
稹 2 4 9 8 1 0
稽 2 3 9 6 1 0
稿 2 0 9 2 7 0
谷 8 0 6 0 8 0
穗 2 5 9 3 3 0
穆 2 6 9 2 2 0
稣 2 2 1 9 4 0
缫 2 2 1 9 4 1
积 2 6 9 8 0 0
稳 2 7 9 3 7 0
秽 2 2 9 2 7 0
穰 2 0 9 3 2 0
穴 3 0 8 0 2 0
赛 3 0 8 0 2 1
穹 3 0 0 2 7 0
穿 3 0 2 4 1 0
窀 3 0 7 1 7 0
窆 3 0 3 0 2 0
窈 3 0 7 2 7 0
窃 3 0 7 2 7 1
访 3 0 7 2 7 2
谛 3 0 7 2 7 3
谤 3 0 7 2 7 4
谪 3 0 7 2 7 5
窕 3 0 1 1 3 0
窖 3 0 6 0 1 0
窨 3 0 6 0 1 1
謇 3 0 6 0 1 2
窘 3 0 6 0 7 0
窟 3 0 2 7 2 0
洼 3 4 1 1 4 0
窬 3 0 2 2 1 0
穷 3 0 4 2 7 0
窭 3 0 4 4 9 0
窥 3 0 8 1 2 0
立 0 0 1 0 8 0
站 0 1 1 6 0 0
龙 4 3 0 1 4 0
章 0 0 4 0 6 0
竣 0 3 1 4 7 0
童 0 0 1 0 5 0
竦 0 5 1 9 6 0
竖 2 7 1 0 8 0
竭 0 6 1 2 7 0
端 0 2 1 2 7 0
竹 8 8 2 2 0 0
竺 8 8 1 0 1 0
竽 8 8 4 0 1 0
竿 8 8 4 0 1 1
筵 8 8 4 0 1 2
筚 8 8 4 0 1 3
耸 8 8 4 0 1 4
笄 8 8 4 4 1 0
笆 8 8 7 1 7 0
笈 8 8 2 4 7 0
笊 8 8 2 3 2 0
篆 8 8 2 3 2 1
笏 8 8 2 2 7 0
笫 8 8 2 2 7 1
第 8 8 2 2 7 2
筋 8 8 2 2 7 3
筒 8 8 2 2 7 4
筲 8 8 2 2 7 5
箐 8 8 2 2 7 6
篇 8 8 2 2 7 7
篙 8 8 2 2 7 8
筛 8 8 2 2 7 9
箫 8 8 2 2 7 10
简 8 8 2 2 7 11
篱 8 8 2 2 7 12
笑 8 8 8 0 4 0
笙 8 8 1 0 5 0
笛 8 8 6 0 5 0
笞 8 8 6 0 3 0
笠 8 8 1 0 8 0
筮 8 8 1 0 8 1
簦 8 8 1 0 8 2
笤 8 8 6 0 2 0
笥 8 8 6 2 7 0
笱 8 8 6 2 7 1
符 8 8 2 4 3 0
笨 8 8 2 3 4 0
笪 8 8 1 0 6 0
鳘 8 8 1 0 6 1
笮 8 8 2 1 1 0
笳 8 8 4 6 3 0
笸 8 8 7 1 6 0
筅 8 8 2 1 2 0
笕 8 8 2 1 2 1
箢 8 8 2 1 2 2
篼 8 8 2 1 2 3
簏 8 8 2 1 2 4
笔 8 8 7 1 4 0
铨 8 8 7 1 4 1
锉 8 8 7 1 4 2
筇 8 8 1 2 7 0
筠 8 8 1 2 7 1
笃 8 8 1 2 7 2
等 8 8 3 4 1 0
笋 8 8 5 0 7 0
筝 8 8 5 0 7 1
筏 8 8 2 5 3 0
箴 8 8 2 5 3 1
篾 8 8 2 5 3 2
筐 8 8 7 1 1 0
篚 8 8 7 1 1 1
答 8 8 6 0 1 0
簪 8 8 6 0 1 1
策 8 8 9 0 2 0
筘 8 8 5 6 3 0
筢 8 8 5 1 7 0
筱 8 8 2 4 8 0
筷 8 8 9 8 5 0
筻 8 8 5 0 6 0
箪 8 8 5 0 6 1
箅 8 8 2 2 1 0
箭 8 8 2 2 1 1
笺 8 8 5 0 3 0
箍 8 8 5 1 2 0
箔 8 8 1 6 2 0
箕 8 8 8 0 1 0
算 8 8 4 4 6 0
箜 8 8 1 0 2 0
簋 8 8 1 0 2 1
篮 8 8 1 0 2 2
箝 8 8 5 7 4 0
管 8 8 7 7 7 0
箬 8 8 6 0 4 0
箸 8 8 6 0 4 1
箱 8 8 9 6 3 0
筑 8 8 1 1 7 0
箧 8 8 7 1 8 0
篌 8 8 2 8 4 0
簇 8 8 2 8 4 1
篝 8 8 4 4 7 0
篡 8 8 7 3 2 0
铃 8 8 7 3 2 1
篥 8 8 9 0 4 0
篦 8 8 7 1 2 0
锐 8 8 7 1 2 1
镒 8 8 7 1 2 2
篪 8 8 2 1 7 0
笼 8 8 4 1 7 0
篷 8 8 3 0 5 0
箦 8 8 8 0 2 0
篑 8 8 8 0 2 1
簌 8 8 9 8 2 0
籁 8 8 9 8 2 1
篓 8 8 4 0 4 0
簟 8 8 4 0 6 0
簧 8 8 8 0 6 0
簸 8 8 8 4 7 0
签 8 8 1 0 9 0
簿 8 8 1 4 2 0
籀 8 8 5 6 2 0
筹 8 8 3 4 4 0
籍 8 8 9 6 1 0
箨 8 8 5 5 4 0
笾 8 8 3 0 2 0
簖 8 8 7 2 1 0
箩 8 8 2 0 7 0
籼 9 2 9 7 0 0
籽 9 7 9 4 7 0
粉 9 8 9 2 7 0
粑 9 7 9 1 7 0
粒 9 0 9 1 8 0
粕 9 6 9 0 2 0
粗 9 7 9 1 2 0
粘 9 1 9 6 0 0
肃 5 0 2 2 7 0
胄 5 0 2 2 7 1
青 5 0 2 2 7 2
粞 9 1 9 6 4 0
粳 9 1 9 4 6 0
粤 2 6 0 2 7 0
粹 9 0 9 4 8 0
粼 9 2 2 3 0 0
粽 9 3 9 9 1 0
精 9 5 9 2 7 0
糅 9 7 9 9 4 0
糇 9 7 9 8 4 0
糈 9 7 9 2 7 0
糊 9 7 9 2 0 0
糌 9 3 9 6 4 0
糍 9 8 9 3 2 0
糕 9 8 9 3 1 0
糖 9 0 9 6 5 0
糗 9 6 9 8 4 0
糙 9 4 9 3 6 0
糁 9 3 9 2 2 0
粪 9 0 8 0 1 0
兴 9 0 8 0 1 1
糟 9 5 9 6 6 0
糠 9 0 9 9 9 0
粮 9 3 9 3 2 0
糨 9 6 9 3 6 0
糯 9 1 9 2 7 0
粝 9 1 9 2 7 1
糸 2 2 9 0 3 0
紫 2 2 9 0 3 1
纠 2 2 1 0 0 0
纪 2 7 1 1 7 0
绝 2 7 1 1 7 1
纣 2 4 1 0 0 0
鲋 2 4 1 0 0 1
鲥 2 4 1 0 0 2
红 2 1 1 1 2 0
纡 2 1 1 4 0 0
纥 2 8 1 1 7 0
纨 2 5 1 1 7 0
纯 2 5 1 1 7 1
紊 0 0 9 0 3 0
纹 2 0 1 4 0 0
纳 2 4 1 2 7 0
绔 2 4 1 2 7 1
鲔 2 4 1 2 7 2
鳓 2 4 1 2 7 3
纽 2 7 1 1 2 0
组 2 7 1 1 2 1
经 2 7 1 1 2 2
衄 2 7 1 1 2 3
鲍 2 7 1 1 2 4
鲵 2 7 1 1 2 5
纾 2 7 1 2 2 0
缪 2 7 1 2 2 1
纱 2 9 1 2 0 0
缈 2 9 1 2 0 1
纸 2 2 1 4 0 0
纤 2 2 1 4 0 1
级 2 7 1 4 7 0
缀 2 7 1 4 7 1
缎 2 7 1 4 7 2
鲟 2 7 1 4 7 3
纷 2 8 1 2 7 0
绨 2 8 1 2 7 1
纭 2 1 1 3 2 0
素 5 0 9 0 3 0
纺 2 0 1 2 7 0
缔 2 0 1 2 7 1
缟 2 0 1 2 7 2
缡 2 0 1 2 7 3
鳙 2 0 1 2 7 4
索 4 0 9 0 3 0
累 6 0 9 0 3 0
细 2 6 1 0 0 0
缃 2 6 1 0 0 1
鲴 2 6 1 0 0 2
绂 2 3 1 4 7 0
鲅 2 3 1 4 7 1
绁 2 4 1 1 7 0
绅 2 5 1 0 6 0
绍 2 7 1 6 2 0
绀 2 4 1 7 0 0
绋 2 5 1 2 7 0
纬 2 5 1 2 7 1
鲭 2 5 1 2 7 2
绐 2 3 1 6 0 0
鲐 2 3 1 6 0 1
绌 2 2 1 7 2 0
鳐 2 2 1 7 2 1
终 2 7 1 3 3 0
绊 2 9 1 5 0 0
衅 2 9 1 5 0 1
绗 2 1 1 2 1 0
结 2 4 1 6 1 0
鲒 2 4 1 6 1 1
绞 2 0 1 4 8 0
鲛 2 0 1 4 8 1
络 2 7 1 6 4 0
缗 2 7 1 6 4 1
给 2 8 1 6 1 0
缮 2 8 1 6 1 1
鳝 2 8 1 6 1 2
绒 2 3 1 5 0 0
线 2 3 1 5 0 1
缄 2 3 1 5 0 2
絮 4 6 9 0 3 0
绛 2 7 1 5 4 0
绎 2 7 1 5 4 1
绘 2 8 1 3 2 0
鲶 2 8 1 3 2 1
绡 2 9 1 2 7 0
绱 2 9 1 2 7 1
绠 2 1 1 4 6 0
绰 2 1 1 4 6 1
缏 2 1 1 4 6 2
鲠 2 1 1 4 6 3
绥 2 2 1 4 4 0
综 2 3 1 9 1 0
缍 2 2 1 1 5 0
绿 2 7 1 9 9 0
绻 2 9 1 1 2 0
綦 4 4 9 0 3 0
萦 4 4 9 0 3 1
蘩 4 4 9 0 3 2
绶 2 2 1 4 7 0
缓 2 2 1 4 7 1
维 2 0 1 1 5 0
缠 2 0 1 1 5 1
雌 2 0 1 1 5 2
雏 2 0 1 1 5 3
綮 3 8 9 0 3 0
绾 2 3 1 7 7 0
纶 2 8 1 1 2 0
缢 2 8 1 1 2 1
缆 2 8 1 1 2 2
绺 2 3 1 6 4 0
绮 2 4 1 2 1 0
绽 2 3 1 8 1 0
缤 2 3 1 8 1 1
绲 2 6 1 1 2 0
鲲 2 6 1 1 2 1
缁 2 2 1 6 3 0
鲻 2 2 1 6 3 1
紧 2 7 9 0 3 0
绯 2 1 1 1 1 0
鲱 2 1 1 1 1 1
总 8 0 3 3 6 0
绪 2 4 1 6 0 0
缂 2 4 1 5 6 0
缉 2 6 1 4 1 0
缘 2 7 1 3 2 0
缌 2 6 1 3 0 0
鳃 2 6 1 3 0 1
编 2 3 1 2 7 0
鳊 2 3 1 2 7 1
缅 2 1 1 6 2 0
缑 2 7 1 8 4 0
练 2 5 1 9 4 0
缇 2 6 1 8 1 0
缙 2 1 1 6 1 0
缒 2 7 1 3 7 0
缣 2 8 1 3 7 0
缚 2 3 1 4 2 0
缜 2 4 1 8 1 0
缛 2 1 1 4 3 0
县 7 7 7 3 2 0
纵 2 8 1 0 0 0
绦 2 7 1 9 4 0
鲦 2 7 1 9 4 1
缝 2 7 1 3 5 0
缩 2 3 1 6 2 0
缧 2 6 1 9 3 0
缦 2 6 1 4 7 0
鳗 2 6 1 4 7 1
絷 5 5 9 0 3 0
缕 2 9 1 4 4 0
缥 2 1 1 9 1 0
鳔 2 1 1 9 1 1
縻 0 0 2 9 3 0
绩 2 5 1 8 2 0
缋 2 5 1 8 2 1
繁 8 8 9 0 3 0
纂 8 8 9 0 3 1
繇 2 2 7 9 3 0
绣 2 2 1 2 7 0
鸶 2 2 1 2 7 1
缯 2 8 1 6 6 0
织 2 6 1 8 0 0
缭 2 4 1 9 6 0
绕 2 5 1 1 2 0
绳 2 6 1 1 6 0
茧 4 4 1 3 6 0
萤 4 4 1 3 6 1
缰 2 1 1 1 6 0
缳 2 6 1 3 2 0
缲 2 6 1 9 4 0
缴 2 8 1 4 0 0
继 2 9 1 1 9 0
缱 2 5 1 3 7 0
缬 2 1 1 8 2 0
鳜 2 1 1 8 2 1
纩 2 0 1 0 0 0
续 2 4 1 8 4 0
缨 2 7 1 4 4 0
缵 2 4 1 8 2 0
鲼 2 4 1 8 2 1
纛 5 0 9 9 3 0
缸 8 1 7 1 2 0
缺 8 5 7 8 0 0
铁 8 5 7 8 0 1
铗 8 5 7 8 0 2
钵 8 5 7 3 0 0
罄 4 7 7 7 2 0
罅 8 1 7 4 9 0
罂 7 7 7 7 2 0
罐 8 4 7 1 5 0
罕 3 7 4 0 1 0
闻 3 7 4 0 1 1
罘 6 0 9 0 1 0
罨 6 0 7 1 6 0
黾 6 0 7 1 6 1
罩 6 0 4 0 6 0
罪 6 0 1 1 1 0
置 6 0 1 0 2 0
显 6 0 1 0 2 1
罚 6 0 7 2 0 0
骂 6 6 1 2 7 0
踢 6 6 1 2 7 1
蹋 6 6 1 2 7 2
躅 6 6 1 2 7 3
罹 6 0 9 1 5 0
罾 6 0 6 0 6 0
罗 6 0 2 0 7 0
罴 6 0 3 3 3 0
羊 8 0 5 0 1 0
羌 8 0 5 1 2 0
羚 8 8 5 3 2 0
羝 8 2 5 4 0 0
群 1 8 6 5 1 0
羟 8 7 5 1 2 0
羧 8 3 5 4 7 0
羡 8 0 1 8 2 0
义 4 0 0 0 3 0
羯 8 6 5 2 7 0
羰 8 2 5 8 9 0
羲 8 0 2 5 3 0
羼 7 7 2 5 1 0
羿 1 7 4 4 2 0
翁 8 0 1 2 7 0
翕 8 0 1 2 7 1
翦 8 0 1 2 7 2
翅 4 7 4 0 2 0
翊 0 7 1 2 0 0
翌 1 7 1 0 8 0
翎 8 7 3 2 0 0
翔 8 7 5 2 0 0
翟 1 7 2 1 5 0
翠 1 7 4 0 8 0
翳 7 7 1 2 7 0
邱 7 7 1 2 7 1
翘 5 7 2 1 2 0
靓 5 7 2 1 2 1
耀 9 7 2 1 5 0
考 4 4 0 2 7 0
芎 4 4 0 2 7 1
萼 4 4 0 2 7 2
耄 4 4 7 1 4 0
者 4 4 6 0 0 0
苗 4 4 6 0 0 1
苜 4 4 6 0 0 2
茴 4 4 6 0 0 3
茵 4 4 6 0 0 4
菌 4 4 6 0 0 5
耍 1 0 4 0 4 0
要 1 0 4 0 4 1
霎 1 0 4 0 4 2
耐 1 4 2 0 0 0
耔 5 7 9 4 7 0
耕 5 5 9 0 0 0
耖 5 9 9 2 0 0
耗 5 2 9 1 4 0
耘 5 1 9 3 2 0
耙 5 7 9 1 7 0
耜 5 7 9 7 7 0
耠 5 8 9 6 1 0
耥 5 9 9 2 7 0
耦 5 6 9 2 7 0
耨 5 1 9 4 3 0
耩 5 5 9 4 7 0
耪 5 0 9 2 7 0
耧 5 9 9 4 4 0
耢 5 4 9 2 7 0
耱 5 0 9 6 2 0
耵 1 1 4 2 0 0
耽 1 4 4 1 2 0
耿 1 9 4 8 0 0
聃 1 5 4 4 7 0
聆 1 8 4 3 2 0
聊 1 7 4 2 0 0
聒 1 2 4 6 4 0
聘 1 5 4 2 7 0
联 1 8 4 8 4 0
聪 1 8 4 3 6 0
聱 5 8 4 0 1 0
声 4 0 2 0 7 0
聩 1 5 4 8 2 0
职 1 6 4 8 0 0
聍 1 3 4 2 1 0
聋 4 3 4 0 1 0
肄 2 5 8 0 7 0
肆 7 5 7 0 7 0
肇 3 8 5 0 7 0
肚 7 4 2 1 0 0
肜 7 2 2 2 2 0
膨 7 2 2 2 2 1
肢 7 4 2 4 7 0
脖 7 4 2 4 7 1
臌 7 4 2 4 7 2
陂 7 4 2 4 7 3
陵 7 4 2 4 7 4
肫 7 5 2 1 7 0
肮 7 0 2 1 7 0
肺 7 5 2 2 7 0
腈 7 5 2 2 7 1
肼 7 5 2 0 0 0
阱 7 5 2 0 0 1
肽 7 4 2 3 0 0
胁 7 4 2 3 0 1
胂 7 5 2 0 6 0
肿 7 5 2 0 6 1
胎 7 3 2 6 0 0
胖 7 9 2 5 0 0
胗 7 8 2 2 2 0
胙 7 8 2 1 1 0
阼 7 8 2 1 1 1
胚 7 1 2 1 9 0
胛 7 6 2 5 0 0
胝 7 2 2 4 0 0
阡 7 2 2 4 0 1
胡 4 7 6 2 0 0
胩 7 1 2 3 1 0
胭 7 6 2 0 0 0
阳 7 6 2 0 0 1
胰 7 5 2 8 2 0
胱 7 9 2 1 2 0
胲 7 0 2 8 2 0
陔 7 0 2 8 2 1
骸 7 0 2 8 2 2
胺 7 3 2 4 4 0
脉 7 3 2 9 2 0
脊 3 2 2 2 7 0
褙 3 2 2 2 7 1
黹 3 2 2 2 7 2
脎 7 4 2 9 4 0
胨 7 4 2 9 4 1
陈 7 4 2 9 4 2
脒 7 9 2 9 4 0
脘 7 3 2 1 2 0
腔 7 3 2 1 2 1
腕 7 3 2 1 2 2
陀 7 3 2 1 2 3
院 7 3 2 1 2 4
髋 7 3 2 1 2 5
脞 7 8 2 1 4 0
脱 7 8 2 1 2 0
隘 7 8 2 1 2 1
脯 7 3 2 2 7 0
胀 7 2 2 3 4 0
脾 7 6 2 4 0 0
陴 7 6 2 4 0 1
髀 7 6 2 4 0 2
胼 7 8 2 4 1 0
腆 7 5 2 8 1 0
腋 7 0 2 4 7 0
腑 7 0 2 4 0 0
腓 7 1 2 1 1 0
腙 7 3 2 9 1 0
腚 7 3 2 8 1 0
膑 7 3 2 8 1 1
髌 7 3 2 8 1 2
腠 7 5 2 8 4 0
脶 7 6 2 2 7 0
腭 7 6 2 2 7 1
隅 7 6 2 2 7 2
髑 7 6 2 2 7 3
腥 7 6 2 1 5 0
脑 7 0 2 7 2 0
腧 7 8 2 2 1 0
腮 7 6 2 3 0 0
腰 7 1 2 4 4 0
腱 7 5 2 4 0 0
腴 7 7 2 8 7 0
腹 7 8 2 4 7 0
腺 7 6 2 9 2 0
腿 7 7 2 3 3 0
腽 7 6 2 1 2 0
膊 7 3 2 4 2 0
膘 7 1 2 9 1 0
际 7 1 2 9 1 1
肤 7 5 2 8 0 0
陕 7 5 2 8 0 1
膜 7 4 2 8 4 0
膝 7 4 2 9 9 0
胶 7 0 2 4 8 0
膦 7 9 2 5 9 0
腻 7 3 2 4 0 0
膪 7 0 2 6 2 0
膳 7 8 2 6 1 0
膻 7 0 2 1 6 0
胆 7 6 2 1 0 0
脍 7 8 2 3 2 0
臁 7 0 2 3 7 0
臆 7 0 2 3 6 0
脸 7 8 2 1 9 0
险 7 8 2 1 9 1
臊 7 6 2 9 4 0
髁 7 6 2 9 4 1
脐 7 0 2 2 4 0
脏 7 0 2 1 4 0
腊 7 4 2 6 1 0
胪 7 1 2 0 7 0
卧 7 3 7 0 0 0
临 2 8 0 6 3 0
臬 2 6 9 0 4 0
臭 2 6 8 0 4 0
臻 1 5 1 9 4 0
臼 7 7 7 7 0 0
舀 2 0 7 7 7 0
舂 5 0 7 7 7 0
舄 7 7 3 2 7 0
舅 7 7 4 2 7 0
邓 7 7 4 2 7 1
鸡 7 7 4 2 7 2
鹦 7 7 4 2 7 3
与 2 1 1 2 7 0
鲕 2 1 1 2 7 1
鲡 2 1 1 2 7 2
举 9 0 5 0 8 0
舌 2 0 6 0 4 0
舐 2 2 6 4 0 0
舒 8 7 6 2 2 0
舔 2 1 6 3 8 0
铺 8 3 7 2 7 0
舜 2 0 2 5 2 0
舞 8 0 2 5 1 0
舟 2 7 4 4 0 0
舡 2 1 4 1 2 0
舢 2 2 4 7 0 0
舨 2 2 4 4 7 0
航 2 0 4 1 7 0
舫 2 0 4 2 7 0
般 2 7 4 4 7 0
艘 2 7 4 4 7 1
舯 2 5 4 0 6 0
舳 2 5 4 6 0 0
舴 2 8 4 1 1 0
舵 2 3 4 1 2 0
舶 2 6 4 0 2 0
舷 2 0 4 3 2 0
舸 2 1 4 2 0 0
船 2 7 4 6 1 0
舾 2 1 4 6 4 0
艄 2 9 4 2 7 0
艇 2 2 4 4 1 0
艉 2 7 4 1 4 0
艏 2 8 4 6 2 0
舱 2 8 4 1 2 0
艚 2 5 4 6 6 0
艟 2 0 4 1 5 0
舣 2 4 4 0 3 0
艨 2 4 4 3 2 0
艰 7 7 4 3 2 0
艾 4 4 4 0 0 0
芈 1 1 5 0 2 0
芊 4 4 4 0 2 0
芋 4 4 4 0 1 0
茸 4 4 4 0 1 1
莘 4 4 4 0 1 2
莛 4 4 4 0 1 3
葺 4 4 4 0 1 4
荜 4 4 4 0 1 5
芍 4 4 3 2 7 0
蔫 4 4 3 2 7 1
芒 4 4 7 1 0 0
芙 4 4 8 0 5 0
英 4 4 8 0 5 1
荚 4 4 8 0 5 2
芝 4 4 3 0 2 0
苓 4 4 3 0 2 1
芡 4 4 8 0 2 0
荑 4 4 8 0 2 1
蒉 4 4 8 0 2 2
贳 4 4 8 0 2 3
芥 4 4 2 2 8 0
荞 4 4 2 2 8 1
芪 4 4 7 4 2 0
花 4 4 2 1 4 0
茌 4 4 2 1 4 1
茬 4 4 2 1 4 2
荏 4 4 2 1 4 3
蔻 4 4 2 1 4 4
芷 4 4 1 0 1 0
芸 4 4 7 3 2 0
茛 4 4 7 3 2 1
莨 4 4 7 3 2 2
蓑 4 4 7 3 2 3
荟 4 4 7 3 2 4
芽 4 4 2 4 1 0
薜 4 4 2 4 1 1
苄 4 4 2 3 0 0
苔 4 4 6 0 3 0
蓄 4 4 6 0 3 1
苛 4 4 6 2 1 0
苟 4 4 6 2 7 0
荀 4 4 6 2 7 1
萌 4 4 6 2 7 2
葫 4 4 6 2 7 3
苠 4 4 7 4 7 0
苡 4 4 7 8 0 0
苤 4 4 1 0 9 0
莶 4 4 1 0 9 1
蓥 4 4 1 0 9 2
苎 4 4 1 0 2 0
苴 4 4 1 0 2 1
茎 4 4 1 0 2 2
蓝 4 4 1 0 2 3
苯 4 4 2 3 4 0
苷 4 4 7 7 4 0
苻 4 4 2 4 0 0
蔚 4 4 2 4 0 1
茁 4 4 7 7 2 0
菡 4 4 7 7 2 1
茂 4 4 2 5 3 0
葳 4 4 2 5 3 1
蔑 4 4 2 5 3 2
蒇 4 4 2 5 3 3
藏 4 4 2 5 3 4
茅 4 4 2 2 2 0
茉 4 4 9 0 5 0
茱 4 4 9 0 5 1
莱 4 4 9 0 5 2
茨 4 4 1 8 2 0
莰 4 4 1 8 2 1
茫 4 4 1 1 0 0
茭 4 4 4 0 8 0
萃 4 4 4 0 8 1
草 4 4 4 0 6 0
萆 4 4 4 0 6 1
蕈 4 4 4 0 6 2
鼙 4 4 4 0 6 3
荻 4 4 2 8 9 0
莉 4 4 9 2 0 0
莎 4 4 1 2 9 0
莓 4 4 7 5 7 0
莜 4 4 2 4 8 0
蔽 4 4 2 4 8 1
薇 4 4 2 4 8 2
莪 4 4 5 5 3 0
莽 4 4 4 4 8 0
薮 4 4 4 4 8 1
菅 4 4 7 7 7 0
萏 4 4 7 7 7 1
菇 4 4 4 6 4 0
菏 4 4 1 2 1 0
菝 4 4 5 4 7 0
鞯 4 4 5 4 7 1
菟 4 4 4 1 3 0
华 2 4 4 0 1 0
菰 4 4 4 3 2 0
菲 4 4 1 1 1 0
菸 4 4 2 3 3 0
苌 4 4 7 3 4 0
萍 4 4 1 4 9 0
荠 4 4 2 2 4 0
萱 4 4 1 0 6 0
萸 4 4 8 0 7 0
落 4 4 1 6 4 0
葆 4 4 2 9 4 0
葑 4 4 1 4 0 0
荮 4 4 1 4 0 1
着 8 0 6 0 5 0
葩 4 4 6 1 7 0
葬 4 4 4 4 1 0
葶 4 4 2 0 1 0
萨 4 4 2 0 1 1
荤 4 4 5 0 4 0
蒎 4 4 1 3 2 0
蒗 4 4 1 3 2 1
莼 4 4 1 1 7 0
莳 4 4 6 4 0 0
蒜 4 4 9 9 1 0
莅 4 4 2 1 8 0
蒹 4 4 2 3 7 0
蔗 4 4 2 3 7 1
蒺 4 4 1 8 4 0
荪 4 4 4 9 0 0
蓐 4 4 2 4 3 0
蓬 4 4 3 0 5 0
莲 4 4 3 0 5 1
苁 4 4 8 8 0 0
蓰 4 4 2 8 1 0
蓼 4 4 2 0 2 0
芗 4 4 2 0 2 1
蓿 4 4 2 6 2 0
蘑 4 4 2 6 2 1
蔌 4 4 9 8 2 0
蒋 4 4 1 4 2 0
薄 4 4 1 4 2 1
葱 4 4 3 3 2 0
荨 4 4 3 4 7 0
蕃 4 4 6 0 9 0
蕊 4 4 3 3 3 0
蕙 4 4 3 3 3 1
蕤 4 4 2 3 1 0
赫 4 4 2 3 1 1
蕨 4 4 2 8 2 0
蓣 4 4 2 8 2 1
蕹 4 4 2 1 5 0
藿 4 4 2 1 5 1
獾 4 4 2 1 5 2
萑 4 4 2 1 5 3
蕺 4 4 4 5 3 0
蕻 4 4 7 8 1 0
薅 4 4 4 4 3 0
蓟 4 4 1 2 0 0
薛 4 4 7 4 1 0
薤 4 4 2 1 1 0
蘼 4 4 2 1 1 1
荩 4 4 3 0 3 0
蘧 4 4 3 0 3 1
藜 4 4 9 0 9 0
藤 4 4 2 9 9 0
藩 4 4 1 6 9 0
蕲 4 4 5 2 1 0
苹 4 4 4 0 9 0
藓 4 4 1 5 1 0
蔹 4 4 1 4 8 0
蘸 4 4 6 3 1 0
虞 2 1 2 8 4 0
虢 2 1 3 1 7 0
虬 5 2 1 1 0 0
蚍 5 2 1 1 0 1
虹 5 1 1 1 2 0
虺 1 5 2 1 3 0
虻 5 0 1 1 0 0
虼 5 8 1 1 7 0
蚊 5 0 1 4 0 0
蚋 5 4 1 2 7 0
蚴 5 4 1 2 7 1
蝻 5 4 1 2 7 2
螨 5 4 1 2 7 3
蚌 5 5 1 0 0 0
蚓 5 2 1 0 0 0
蜊 5 2 1 0 0 1
蚜 5 1 1 4 0 0
蚝 5 2 1 1 4 0
蚣 5 8 1 3 2 0
蛉 5 8 1 3 2 1
蚤 7 7 1 3 6 0
骚 7 7 1 3 6 1
蚧 5 8 1 2 0 0
蚨 5 5 1 8 0 0
蛱 5 5 1 8 0 1
蚩 2 2 1 3 6 0
蚪 5 4 1 0 0 0
蝌 5 4 1 0 0 1
蚯 5 2 1 1 2 0
蚰 5 5 1 6 0 0
蛐 5 5 1 6 0 1
蚱 5 8 1 1 1 0
蚵 5 1 1 2 0 0
蚶 5 4 1 7 0 0
蚺 5 5 1 4 7 0
蛀 5 0 1 1 4 0
蛄 5 4 1 6 0 0
蛆 5 7 1 1 2 0
蜢 5 7 1 1 2 1
蛇 5 3 1 1 2 0
蜿 5 3 1 1 2 1
蛋 1 7 1 3 6 0
蛩 1 7 1 3 6 1
蟊 1 7 1 3 6 2
蛑 5 3 1 5 0 0
蛾 5 3 1 5 0 1
蜮 5 3 1 5 0 2
蛔 5 6 1 0 0 0
蜘 5 6 1 0 0 1
蝈 5 6 1 0 0 2
蛘 5 8 1 5 1 0
蛙 5 4 1 1 4 0
蝰 5 4 1 1 4 1
蛛 5 5 1 9 0 0
蛞 5 2 1 6 4 0
蛟 5 0 1 4 8 0
蛤 5 8 1 6 1 0
蟮 5 8 1 6 1 1
蛭 5 1 1 1 4 0
蛸 5 9 1 2 7 0
蛹 5 7 1 2 7 0
螂 5 7 1 2 7 1
蚂 5 7 1 2 7 2
蜕 5 8 1 1 2 0
蜣 5 8 1 1 2 1
蜀 6 0 1 2 7 0
蹄 6 0 1 2 7 1
蜂 5 7 1 5 4 0
蜃 7 1 2 3 6 0
蚬 5 7 1 1 7 0
蜇 5 2 1 3 6 0
蜈 5 6 1 8 4 0
蜉 5 2 1 4 7 0
蜍 5 8 1 9 4 0
蜒 5 2 1 4 1 0
蜓 5 2 1 4 1 1
蜚 1 1 1 3 6 0
蜜 3 0 1 3 6 0
蜞 5 4 1 8 1 0
蜥 5 2 1 2 1 0
蜩 5 7 1 2 0 0
蝴 5 7 1 2 0 1
蜱 5 6 1 4 5 0
蜴 5 6 1 2 7 0
蝎 5 6 1 2 7 1
蜗 5 6 1 2 7 2
蜷 5 9 1 1 2 0
蜻 5 5 1 2 7 0
鸷 5 5 1 2 7 1
蜾 5 6 1 9 4 0
蜡 5 4 1 6 1 0
蝓 5 8 1 2 1 0
蚀 2 5 7 3 6 0
蝗 5 6 1 1 4 0
蝙 5 3 1 2 7 0
蝠 5 1 1 6 6 0
蝣 5 8 1 4 7 0
蝮 5 8 1 4 7 1
蝤 5 8 1 6 4 0
蝥 1 8 1 3 6 0
虾 5 1 1 3 0 0
蝶 5 4 1 9 4 0
蝾 5 4 1 9 4 1
蝽 5 5 1 6 8 0
蝇 5 6 1 1 6 0
螃 5 0 1 2 7 0
螭 5 0 1 2 7 1
鸯 5 0 1 2 7 2
蛳 5 1 1 2 7 0
蠕 5 1 1 2 7 1
蛎 5 1 1 2 7 2
螅 5 6 1 3 0 0
螈 5 1 1 9 6 0
螋 5 7 1 4 7 0
融 1 5 2 3 6 0
螓 5 5 1 9 4 0
螗 5 0 1 6 5 0
螟 5 7 1 8 0 0
螫 4 8 1 3 6 0
螬 5 5 1 6 6 0
螯 5 8 1 3 6 0
螳 5 9 1 1 4 0
螵 5 1 1 9 1 0
螺 5 6 1 9 3 0
蝼 5 9 1 4 4 0
螽 2 7 1 3 6 0
蟹 2 7 1 3 6 1
蠡 2 7 1 3 6 2
鳋 2 7 1 3 6 3
蟀 5 0 1 4 3 0
蛰 5 5 1 3 6 0
蟆 5 4 1 8 4 0
蟋 5 2 1 3 9 0
蟑 5 0 1 4 6 0
蟒 5 4 1 4 8 0
蟓 5 7 1 3 2 0
蟛 5 2 1 2 2 0
蟠 5 2 1 6 9 0
虮 5 7 1 1 0 0
蟥 5 4 1 8 6 0
蟪 5 5 1 3 3 0
蝉 5 8 1 5 6 0
蛲 5 5 1 1 2 0
虫 5 0 1 3 6 0
蠢 5 0 1 3 6 1
蠹 5 0 1 3 6 2
蛏 5 7 1 1 4 0
蚁 5 4 1 0 3 0
蟾 5 7 1 6 1 0
虿 1 0 1 3 6 0
蚕 1 0 1 3 6 1
蠊 5 0 1 3 7 0
蛴 5 0 1 2 4 0
蠓 5 4 1 3 2 0
蠖 5 4 1 4 7 0
蠛 5 4 1 5 3 0
蠲 8 6 1 2 7 0
蠼 5 6 1 4 7 0
行 2 1 2 2 1 0
衍 2 1 2 2 1 1
街 2 1 2 2 1 2
衙 2 1 2 2 1 3
衡 2 1 2 2 1 4
衢 2 1 2 2 1 5
衔 2 1 2 2 1 6
衩 3 7 2 4 3 0
衫 3 2 2 2 2 0
衲 3 4 2 2 7 0
衽 3 2 2 1 4 0
衿 3 8 2 2 7 0
袂 3 5 2 8 0 0
袈 4 6 7 3 2 0
袋 2 3 7 3 2 0
袒 3 6 2 1 0 0
袖 3 5 2 6 0 0
袢 3 9 2 5 0 0
被 3 4 2 4 7 0
袱 3 3 2 8 4 0
袷 3 8 2 6 1 0
袼 3 7 2 6 4 0
裾 3 7 2 6 4 1
裂 1 2 7 3 2 0
袅 2 7 7 3 2 0
餐 2 7 7 3 2 1
龈 2 7 7 3 2 2
裎 3 6 2 1 4 0
裕 3 8 2 6 8 0
裘 4 3 7 3 2 0
袭 4 3 7 3 2 1
裙 3 7 2 6 7 0
补 3 3 2 0 0 0
褂 3 3 2 0 0 1
装 3 4 7 3 2 0
裟 3 9 7 3 2 0
裨 3 6 2 4 0 0
裰 3 7 2 4 7 0
裱 3 5 2 3 2 0
裴 1 1 7 3 2 0
裸 3 6 2 9 4 0
褓 3 6 2 9 4 1
褊 3 3 2 2 7 0
黼 3 3 2 2 7 1
褥 3 1 2 4 3 0
褪 3 7 2 3 3 0
阏 3 7 2 3 3 1
褫 3 2 2 1 7 0
裤 3 0 2 5 4 0
裢 3 4 2 3 5 0
褶 3 7 2 6 2 0
褛 3 9 2 4 4 0
襁 3 6 2 3 6 0
袄 3 2 2 8 4 0
裣 3 8 2 1 9 0
襞 7 0 7 3 2 0
襟 3 4 2 9 1 0
裆 3 9 2 7 7 0
褴 3 8 2 1 2 0
襦 3 1 2 2 7 0
袜 3 5 2 9 0 0
衬 3 4 2 0 0 0
襻 3 4 2 5 2 0
西 1 0 6 0 4 0
酉 1 0 6 0 4 1
覃 1 0 4 0 6 0
覆 1 0 2 4 7 0
霞 1 0 2 4 7 1
霸 1 0 5 2 7 0
观 7 7 4 1 2 0
规 5 7 8 1 2 0
觅 2 0 2 1 2 0
觇 2 7 6 1 2 0
觎 8 7 2 1 2 0
觏 5 7 4 1 2 0
觌 4 7 8 1 2 0
觚 2 2 2 3 0 0
解 2 7 2 5 2 0
觫 2 5 2 9 6 0
觯 2 8 2 5 6 0
触 2 5 2 3 6 0
订 3 1 7 2 0 0
诃 3 1 7 2 0 1
讣 3 3 7 0 0 0
计 3 4 7 0 0 0
讨 3 4 7 0 0 1
谢 3 4 7 0 0 2
讯 3 7 7 1 0 0
讽 3 7 7 1 0 1
讥 3 7 7 1 0 2
讧 3 1 7 1 2 0
讦 3 1 7 4 0 0
训 3 2 7 0 0 0
讪 3 2 7 7 0 0
讫 3 8 7 1 7 0
讹 3 4 7 1 0 0
讶 3 1 7 4 2 0
讼 3 8 7 3 2 0
谂 3 8 7 3 2 1
诀 3 5 7 8 0 0
讷 3 4 7 2 7 0
设 3 7 7 4 7 0
许 3 8 7 4 0 0
译 3 7 7 5 4 0
诨 3 7 7 5 4 1
诉 3 2 7 4 1 0
诞 3 2 7 4 1 1
诊 3 8 7 2 2 0
诂 3 4 7 6 0 0
诸 3 4 7 6 0 1
诋 3 2 7 4 0 0
讵 3 1 7 1 7 0
诈 3 8 7 1 1 0
诒 3 3 7 6 0 0
诏 3 7 7 6 2 0
评 3 1 7 4 9 0
诎 3 2 7 7 2 0
谣 3 2 7 7 2 1
凿 3 2 7 7 2 2
诅 3 7 7 1 2 0
诡 3 7 7 1 2 1
咏 6 3 0 9 2 0
诣 3 2 7 6 1 0
诟 3 2 7 6 1 1
试 3 3 7 4 0 0
诗 3 4 7 4 1 0
诧 3 3 7 1 4 0
诠 3 8 7 1 4 0
诘 3 4 7 6 1 0
诰 3 4 7 6 1 1
话 3 2 7 6 4 0
该 3 0 7 8 2 0
详 3 8 7 5 1 0
诜 3 4 7 1 2 0
谎 3 4 7 1 2 1
诙 3 4 7 8 9 0
诖 3 4 7 1 4 0
诔 3 5 7 9 0 0
诛 3 5 7 9 0 1
诓 3 1 7 1 1 0
诽 3 1 7 1 1 1
证 3 1 7 1 1 2
认 3 8 7 0 0 0
诳 3 1 7 1 4 0
谑 3 1 7 1 4 1
讴 3 1 7 1 4 2
诶 3 3 7 8 4 0
谳 3 3 7 8 4 1
誓 5 2 6 0 1 0
诱 3 2 7 2 7 0
诮 3 9 7 2 7 0
语 3 1 7 6 1 0
谮 3 1 7 6 1 1
诚 3 3 7 5 0 0
诫 3 3 7 5 0 1
谶 3 3 7 5 0 2
诬 3 1 7 1 8 0
误 3 6 7 8 4 0
诵 3 7 7 2 7 0
谲 3 7 7 2 7 1
郎 3 7 7 2 7 2
诲 3 8 7 5 7 0
说 3 8 7 1 2 0
论 3 8 7 1 2 1
谥 3 8 7 1 2 2
读 3 4 7 8 4 0
谟 3 4 7 8 4 1
谁 3 0 7 1 5 0
课 3 6 7 9 4 0
谇 3 0 7 4 8 0
谊 3 3 7 1 2 0
谧 3 3 7 1 2 1
谄 3 7 7 7 7 0
诌 3 7 7 7 7 1
阎 3 7 7 7 7 2
谆 3 0 7 4 7 0
谈 3 9 7 8 9 0
诿 3 2 7 4 4 0
请 3 5 7 2 7 0
讳 3 5 7 2 7 1
诤 3 7 7 5 7 0
诹 3 7 7 4 0 0
诼 3 1 7 3 2 0
谅 3 0 7 9 6 0
谀 3 7 7 8 7 0
谍 3 4 7 9 4 0
谋 3 4 7 9 4 1
谝 3 3 7 2 7 0
谔 3 6 7 2 7 0
谒 3 6 7 2 7 1
谓 3 6 7 2 7 2
谐 3 2 7 6 2 0
谏 3 5 7 9 6 0
谕 3 8 7 2 1 0
谘 3 7 7 6 8 0
谙 3 0 7 6 1 0
谌 3 4 7 1 8 0
谚 3 0 7 2 2 0
谖 3 2 7 4 7 0
诺 3 4 7 6 4 0
谜 3 9 7 3 9 0
谡 3 6 7 4 7 0
谩 3 6 7 4 7 1
谦 3 8 7 3 7 0
讲 3 5 7 0 5 0
謦 4 7 6 0 1 0
谬 3 7 7 2 2 0
谫 3 8 7 2 7 0
谨 3 4 7 1 5 0
识 3 6 7 8 0 0
谯 3 0 7 3 1 0
谭 3 1 7 4 6 0
谱 3 8 7 6 1 0
谠 3 9 7 1 2 0
警 4 8 6 0 1 0
谵 3 7 7 6 1 0
譬 7 0 6 0 1 0
议 3 4 7 0 3 0
谴 3 5 7 3 7 0
护 5 3 0 0 7 0
谗 3 7 7 3 3 0
让 3 1 7 1 0 0
赞 2 4 8 0 2 0
货 2 4 8 0 2 1
豁 3 8 6 6 8 0
豚 7 1 2 3 2 0
辰 7 1 2 3 2 1
餍 7 1 2 3 2 2
豢 9 0 2 3 2 0
豪 0 0 2 3 2 0
麽 0 0 2 3 2 1
猪 4 4 2 6 0 0
猫 4 4 2 6 0 1
赭 4 4 2 6 0 2
豸 2 0 2 2 2 0
貂 2 7 2 6 2 0
貘 2 4 2 8 4 0
贝 7 7 8 0 2 0
贯 7 7 8 0 2 1
贸 7 7 8 0 2 2
贞 2 1 8 0 2 0
财 7 4 8 0 0 0
贡 1 0 8 0 2 0
贾 1 0 8 0 2 1
页 1 0 8 0 2 2
贫 8 0 8 0 2 0
贪 8 0 8 0 2 1
贩 7 2 8 4 7 0
贮 7 3 8 1 2 0
赀 2 2 8 0 2 0
赁 2 2 8 0 2 1
贬 7 2 8 3 2 0
买 1 7 8 0 4 0
贷 2 3 8 0 2 0
贶 7 6 8 1 2 0
费 5 5 8 0 2 0
贽 5 5 8 0 2 1
贴 7 1 8 6 0 0
贻 7 3 8 6 0 0
贺 4 6 8 0 2 0
贲 4 0 8 0 2 0
赍 4 0 8 0 2 1
赂 7 7 8 6 4 0
贿 7 4 8 2 7 0
赅 7 0 8 8 2 0
资 3 7 8 0 2 0
阂 3 7 8 0 2 1
贼 7 3 8 5 0 0
贱 7 3 8 5 0 1
赈 7 1 8 3 2 0
赊 7 8 8 9 1 0
赇 7 3 8 9 9 0
赐 7 6 8 2 7 0
赏 9 0 8 0 2 0
赔 7 0 8 6 1 0
赓 0 0 2 8 2 0
赋 7 3 8 4 0 0
赕 7 9 8 8 9 0
质 7 2 2 8 2 0
账 7 2 8 3 4 0
赌 7 4 8 6 0 0
赖 5 7 9 8 2 0
赚 7 8 8 3 7 0
赙 7 3 8 4 2 0
购 7 7 8 2 0 0
赘 5 8 8 0 2 0
赠 7 8 8 6 6 0
赡 7 7 8 6 1 0
赆 7 7 8 3 3 0
赃 7 0 8 1 4 0
赎 7 4 8 8 4 0
赣 0 7 4 8 2 0
赤 4 0 2 3 1 0
赳 4 2 8 0 7 0
赴 4 3 8 0 2 0
起 4 7 8 0 1 0
趄 4 7 8 0 1 1
趁 4 8 8 0 2 0
超 4 7 8 0 6 0
越 4 3 8 0 5 0
趑 4 7 8 0 8 0
趔 4 2 8 0 0 0
赶 4 1 8 0 4 0
赵 4 4 8 0 0 0
趟 4 9 8 0 2 0
趣 4 7 8 0 4 0
趋 4 7 8 0 7 0
趱 4 4 8 0 8 0
趴 6 8 1 0 0 0
趵 6 7 1 2 0 0
趺 6 5 1 8 0 0
跌 6 5 1 8 0 1
趼 6 1 1 4 4 0
趾 6 1 1 1 0 0
趿 6 7 1 4 7 0
跆 6 3 1 6 0 0
跋 6 3 1 4 7 0
跎 6 3 1 1 2 0
蹴 6 3 1 1 2 1
跏 6 6 1 0 0 0
踟 6 6 1 0 0 1
跑 6 7 1 1 2 0
跪 6 7 1 1 2 1
跖 6 1 1 6 2 0
跗 6 4 1 0 0 0
跚 6 7 1 4 0 0
跛 6 4 1 4 7 0
距 6 1 1 1 7 0
跟 6 7 1 3 2 0
跣 6 4 1 1 2 0
跤 6 0 1 4 8 0
跺 6 7 1 9 4 0
蹂 6 7 1 9 4 1
跨 6 4 1 2 7 0
蹒 6 4 1 2 7 1
躏 6 4 1 2 7 2
跬 6 4 1 1 4 0
路 6 7 1 6 4 0
踞 6 7 1 6 4 1
跳 6 2 1 1 3 0
跽 6 7 1 3 1 0
踅 5 2 8 0 1 0
踉 6 3 1 3 2 0
踏 6 2 1 6 9 0
蹯 6 2 1 6 9 1
踔 6 1 1 4 6 0
踝 6 6 1 9 4 0
躁 6 6 1 9 4 1
踣 6 0 1 6 1 0
踮 6 0 1 6 1 1
踩 6 2 1 9 4 0
跞 6 2 1 9 4 1
踱 6 0 1 4 7 0
踊 6 7 1 2 7 0
踯 6 7 1 2 7 1
郢 6 7 1 2 7 2
鹭 6 7 1 2 7 3
踵 6 2 1 1 5 0
踹 6 2 1 2 7 0
踽 6 2 1 2 7 1
蹦 6 2 1 2 7 2
踺 6 5 1 4 0 0
踌 6 5 1 4 0 1
蹀 6 4 1 9 4 0
蹁 6 3 1 2 7 0
蹈 6 2 1 7 7 0
蹉 6 8 1 1 2 0
跄 6 8 1 1 2 1
蹊 6 2 1 8 4 0
跃 6 2 1 8 4 1
跸 6 2 1 4 1 0
蹙 5 3 8 0 1 0
踪 6 3 1 9 1 0
蹩 9 8 8 0 1 0
蹬 6 2 1 1 8 0
蹭 6 8 1 6 6 0
蹲 6 8 1 4 6 0
蹶 6 1 1 8 2 0
跷 6 5 1 1 2 0
蹼 6 2 1 8 5 0
躇 6 4 1 6 4 0
趸 1 0 8 0 1 0
跻 6 0 1 2 4 0
躐 6 2 1 1 2 0
踬 6 2 1 8 2 0
躔 6 0 1 1 4 0
蹰 6 1 1 4 0 0
跹 6 2 1 3 4 0
躞 6 9 1 4 7 0
蹑 6 1 1 4 7 0
蹿 6 3 1 5 6 0
躜 6 4 1 8 2 0
躲 2 7 2 9 4 0
车 4 0 5 0 0 0
轧 4 2 5 1 0 0
军 3 7 5 0 4 0
軎 5 0 6 0 6 0
轩 4 1 5 4 0 0
轫 4 7 5 2 0 0
辋 4 7 5 2 0 1
鞠 4 7 5 2 0 2
鞫 4 7 5 2 0 3
轭 4 1 5 1 2 0
辄 4 1 5 1 2 1
软 4 7 5 8 2 0
转 4 5 5 3 2 0
轷 4 2 5 4 9 0
轸 4 8 5 2 2 0
轱 4 4 5 6 0 0
轴 4 5 5 6 0 0
轵 4 6 5 8 0 0
轺 4 7 5 6 2 0
轲 4 1 5 2 0 0
轶 4 5 5 8 0 0
鞅 4 5 5 8 0 1
轻 4 7 5 1 2 0
鞔 4 7 5 1 2 1
轼 4 3 5 4 0 0
较 4 0 5 4 8 0
辂 4 7 5 6 4 0
辁 4 8 5 1 4 0
载 4 3 5 5 0 0
轾 4 1 5 1 4 0
辆 4 1 5 2 7 0
辅 4 3 5 2 7 0
辎 4 2 5 6 3 0
辉 9 7 2 5 4 0
辍 4 7 5 4 7 0
毂 4 7 5 4 7 1
辊 4 6 5 1 2 0
辇 5 5 5 0 4 0
辈 1 1 5 0 4 0
轮 4 8 5 1 2 0
辑 4 6 5 4 1 0
辏 4 5 5 8 4 0
输 4 8 5 2 1 0
辐 4 1 5 6 6 0
辗 4 7 5 3 2 0
辖 4 3 5 6 5 0
辕 4 4 5 3 2 0
辘 4 0 5 1 2 0
辙 4 8 5 4 0 0
轿 4 2 5 2 8 0
鞒 4 2 5 2 8 1
辚 4 9 5 5 9 0
轰 4 0 4 4 7 0
轹 4 2 5 9 4 0
轳 4 1 5 0 7 0
辛 0 0 4 0 1 0
辟 7 0 2 4 1 0
辣 0 5 4 9 6 0
办 4 0 3 3 0 0
辞 2 0 6 4 1 0
辱 7 1 3 4 3 0
边 3 4 3 0 2 0
迂 3 1 3 0 4 0
迓 3 1 3 0 4 1
迄 3 8 3 0 1 0
迤 3 8 3 0 1 1
迮 3 8 3 0 1 2
迅 3 7 3 0 1 0
迳 3 7 3 0 1 1
逸 3 7 3 0 1 2
迎 3 7 3 0 2 0
迥 3 7 3 0 2 1
通 3 7 3 0 2 2
辽 3 7 3 0 2 3
近 3 2 3 0 2 0
透 3 2 3 0 2 1
逝 3 2 3 0 2 2
遄 3 2 3 0 2 3
返 3 2 3 0 4 0
逶 3 2 3 0 4 1
迁 3 2 3 0 4 2
迕 3 8 3 0 4 0
迸 3 8 3 0 4 1
逆 3 8 3 0 4 2
遨 3 8 3 0 4 3
遵 3 8 3 0 4 4
邀 3 8 3 0 4 5
迢 3 7 3 0 6 0
遛 3 7 3 0 6 1
迦 3 6 3 0 0 0
迫 3 6 3 0 0 1
迨 3 3 3 0 6 0
迪 3 5 3 0 6 0
遭 3 5 3 0 6 1
迭 3 5 3 0 8 0
遗 3 5 3 0 8 1
述 3 3 3 0 9 0
逑 3 3 3 0 9 1
迷 3 9 3 0 9 0
追 3 7 3 0 7 0
退 3 7 3 0 3 0
送 3 8 3 0 8 0
逃 3 2 3 0 1 0
邋 3 2 3 0 1 1
逄 3 7 3 0 5 0
逢 3 7 3 0 5 1
邂 3 7 3 0 5 2
逅 3 2 3 0 6 0
遁 3 2 3 0 6 1
适 3 2 3 0 6 2
逋 3 3 3 0 2 0
遍 3 3 3 0 2 1
逍 3 9 3 0 2 0
逐 3 1 3 0 3 0
运 3 1 3 0 3 1
遽 3 1 3 0 3 2
途 3 8 3 0 9 0
逖 3 9 3 0 8 0
逗 3 1 3 0 1 0
逛 3 1 3 0 1 1
远 3 1 3 0 1 2
这 3 0 3 0 4 0
避 3 0 3 0 4 1
速 3 5 3 0 9 0
逮 3 5 3 0 9 1
造 3 4 3 0 6 0
逡 3 3 3 0 4 0
连 3 4 3 0 5 0
逭 3 3 3 0 7 0
逯 3 7 3 0 9 0
迩 3 7 3 0 9 1
进 3 5 3 0 0 0
逵 3 4 3 0 1 0
选 3 4 3 0 1 1
逼 3 1 3 0 6 0
逾 3 8 3 0 2 0
递 3 8 3 0 2 1
遂 3 8 3 0 3 0
遇 3 6 3 0 2 0
遏 3 6 3 0 2 1
遢 3 6 3 0 2 2
逻 3 6 3 0 2 3
过 3 4 3 0 4 0
遐 3 7 3 0 4 0
遒 3 8 3 0 6 0
道 3 8 3 0 6 1
达 3 4 3 0 8 0
违 3 5 3 0 2 0
遘 3 5 3 0 4 0
遥 3 2 3 0 7 0
逊 3 9 3 0 0 0
遣 3 5 3 0 7 0
迟 3 7 3 0 8 0
闼 3 7 3 0 8 1
遴 3 9 3 0 5 0
迈 3 1 3 0 2 0
逦 3 1 3 0 2 1
邃 3 3 3 0 3 0
还 3 1 3 0 9 0
邙 0 7 7 2 7 0
邡 0 7 2 2 7 0
邝 0 7 2 2 7 1
鹧 0 7 2 2 7 2
那 1 7 5 2 7 0
邯 4 7 7 2 7 0
郄 4 7 7 2 7 1
鹌 4 7 7 2 7 2
邸 7 7 7 2 7 0
郾 7 7 7 2 7 1
鸥 7 7 7 2 7 2
鸱 7 7 7 2 7 3
郊 0 7 4 2 7 0
郭 0 7 4 2 7 1
鄣 0 7 4 2 7 2
鹑 0 7 4 2 7 3
郏 5 7 8 2 7 0
部 0 7 6 2 7 0
邮 5 7 6 2 7 0
都 4 7 6 2 7 0
鸪 4 7 6 2 7 1
鹊 4 7 6 2 7 2
鹋 4 7 6 2 7 3
鹕 4 7 6 2 7 4
鄂 6 7 2 2 7 0
鹃 6 7 2 2 7 1
鹗 6 7 2 2 7 2
郓 3 7 5 2 7 0
闱 3 7 5 2 7 1
郧 6 7 8 2 7 0
鄙 6 7 6 2 7 0
鄢 1 7 3 2 7 0
鄯 8 7 6 2 7 0
鸽 8 7 6 2 7 1
鹆 8 7 6 2 7 2
邻 8 7 3 2 7 0
郸 8 7 5 2 7 0
郐 8 7 7 2 7 0
钌 8 7 7 2 7 1
铘 8 7 7 2 7 2
锔 8 7 7 2 7 3
钨 8 7 7 2 7 4
铴 8 7 7 2 7 5
鹚 8 7 7 2 7 6
酊 1 1 6 2 0 0
配 1 7 6 1 7 0
酎 1 4 6 0 0 0
酗 1 2 6 7 0 0
酚 1 8 6 2 7 0
酞 1 4 6 3 0 0
酣 1 4 6 7 0 0
酤 1 4 6 6 0 0
酩 1 7 6 6 2 0
酯 1 2 6 6 1 0
酲 1 6 6 1 4 0
酴 1 8 6 9 4 0
酶 1 8 6 5 7 0
酷 1 4 6 6 1 0
醋 1 4 6 6 1 1
酸 1 3 6 4 7 0
酹 1 2 6 4 9 0
腌 7 4 2 1 6 0
醇 1 0 6 4 7 0
醌 1 6 6 1 2 0
醍 1 6 6 8 1 0
醒 1 6 6 1 5 0
醚 1 9 6 3 9 0
酝 1 1 6 3 2 0
醵 1 1 6 3 2 1
醣 1 0 6 6 5 0
酱 3 7 6 0 4 0
阁 3 7 6 0 4 1
阍 3 7 6 0 4 2
醪 1 7 6 2 2 0
醭 1 2 6 8 5 0
醴 1 5 6 1 8 0
醺 1 2 6 3 1 0
酿 1 3 6 3 2 0
酽 1 1 6 0 1 0
释 2 7 9 5 4 0
釉 2 5 9 6 0 0
野 6 7 1 2 2 0
厘 7 1 2 1 5 0
雁 7 1 2 1 5 1
钆 8 2 7 1 0 0
钇 8 7 7 1 0 0
钒 8 7 7 1 0 1
钉 8 1 7 2 0 0
钶 8 1 7 2 0 1
锕 8 1 7 2 0 2
钋 8 3 7 0 0 0
针 8 4 7 0 0 0
钭 8 4 7 0 0 1
钓 8 7 7 2 0 0
钩 8 7 7 2 0 1
钧 8 7 7 2 0 2
铆 8 7 7 2 0 3
铜 8 7 7 2 0 4
钢 8 7 7 2 0 5
钔 8 7 7 2 0 6
锎 8 7 7 2 0 7
锏 8 7 7 2 0 8
镧 8 7 7 2 0 9
钥 8 7 7 2 0 10
钐 8 2 7 2 2 0
钗 8 7 7 4 3 0
钍 8 4 7 1 0 0
钕 8 4 7 4 0 0
钎 8 2 7 4 0 0
钯 8 7 7 1 7 0
铯 8 7 7 1 7 1
钫 8 0 7 2 7 0
铈 8 0 7 2 7 1
镑 8 0 7 2 7 2
镐 8 0 7 2 7 3
镌 8 0 7 2 7 4
镝 8 0 7 2 7 5
镛 8 0 7 2 7 6
钚 8 1 7 9 0 0
钠 8 4 7 2 7 0
钸 8 4 7 2 7 1
铕 8 4 7 2 7 2
铐 8 4 7 2 7 3
锄 8 4 7 2 7 4
铹 8 4 7 2 7 5
钝 8 5 7 1 7 0
钤 8 8 7 2 7 0
锑 8 8 7 2 7 1
钣 8 2 7 4 7 0
锾 8 2 7 4 7 1
钞 8 9 7 2 0 0
钮 8 7 7 1 2 0
铌 8 7 7 1 2 1
锰 8 7 7 1 2 2
钙 8 1 7 2 7 0
镉 8 1 7 2 7 1
钬 8 9 7 8 0 0
锹 8 9 7 8 0 1
钛 8 4 7 3 0 0
铎 8 7 7 5 4 0
锋 8 7 7 5 4 1
钴 8 4 7 6 0 0
锚 8 4 7 6 0 1
锗 8 4 7 6 0 2
钹 8 3 7 4 7 0
铍 8 4 7 4 7 0
镬 8 4 7 4 7 1
钰 8 1 7 1 3 0
铀 8 5 7 6 0 0
钿 8 6 7 0 0 0
钼 8 6 7 0 0 1
铷 8 6 7 0 0 2
铟 8 6 7 0 0 3
锢 8 6 7 0 0 4
钾 8 6 7 5 0 0
钜 8 1 7 1 7 0
铊 8 3 7 1 2 0
铋 8 3 7 0 4 0
铂 8 6 7 0 2 0
钷 8 1 7 1 6 0
钳 8 4 7 7 0 0
铅 8 7 7 6 1 0
镥 8 7 7 6 1 1
钲 8 1 7 1 1 0
钽 8 6 7 1 0 0
铰 8 0 7 4 8 0
铒 8 1 7 4 0 0
铬 8 7 7 6 4 0
锯 8 7 7 6 4 1
铪 8 8 7 6 1 0
镨 8 8 7 6 1 1
银 8 7 7 3 2 0
锪 8 7 7 3 2 1
铣 8 4 7 1 2 0
铑 8 4 7 1 2 1
铢 8 5 7 9 0 0
铼 8 5 7 9 0 1
铭 8 7 7 6 2 0
镏 8 7 7 6 2 1
铫 8 2 7 1 3 0
铵 8 3 7 4 4 0
铥 8 2 7 3 2 0
铞 8 6 7 2 7 0
锦 8 6 7 2 7 1
锡 8 6 7 2 7 2
锅 8 6 7 2 7 3
锷 8 6 7 2 7 4
镯 8 6 7 2 7 5
锣 8 6 7 2 7 6
销 8 9 7 2 7 0
锈 8 2 7 2 7 0
铝 8 6 7 6 0 0
锒 8 3 7 3 2 0
镓 8 3 7 3 2 1
锌 8 0 7 4 1 0
鋈 3 2 1 0 9 0
铤 8 2 7 4 1 0
锊 8 2 7 4 9 0
锓 8 7 7 4 7 0
锻 8 7 7 4 7 1
锼 8 7 7 4 7 2
锃 8 6 7 1 4 0
锆 8 4 7 6 1 0
错 8 4 7 6 1 1
锂 8 6 7 1 5 0
铽 8 3 7 4 0 0
铸 8 5 7 4 0 0
键 8 5 7 4 0 1
锞 8 6 7 9 4 0
镍 8 6 7 9 4 1
锖 8 5 7 2 7 0
锫 8 0 7 6 1 0
锩 8 9 7 1 2 0
锥 8 0 7 1 5 0
锟 8 6 7 1 2 0
锤 8 2 7 1 5 0
锺 8 2 7 1 5 1
锱 8 2 7 6 3 0
铮 8 7 7 5 7 0
锛 8 4 7 4 4 0
锬 8 9 7 8 9 0
锭 8 3 7 8 1 0
镔 8 3 7 8 1 1
锝 8 6 7 4 1 0
锴 8 2 7 6 2 0
镀 8 0 7 4 7 0
锸 8 2 7 7 7 0
锲 8 7 7 8 4 0
锘 8 4 7 6 4 0
鍪 1 8 1 0 9 0
锶 8 6 7 3 0 0
钟 8 5 7 0 6 0
镁 8 8 7 8 4 0
镞 8 8 7 8 4 1
镅 8 7 7 6 7 0
鎏 3 0 1 0 9 0
锁 8 9 7 8 2 0
铠 8 2 7 1 7 0
铩 8 4 7 9 4 0
镇 8 4 7 8 1 0
镎 8 8 7 5 2 0
镟 8 8 7 8 1 0
链 8 4 7 3 5 0
鏊 5 8 1 0 9 0
镆 8 4 7 8 4 0
镙 8 6 7 9 3 0
铿 8 7 7 1 4 0
锵 8 7 7 4 2 0
镗 8 9 7 1 4 0
镘 8 6 7 4 7 0
铲 8 0 7 0 1 0
镖 8 1 7 9 1 0
镂 8 9 7 4 4 0
錾 4 2 1 0 9 0
铧 8 4 7 4 1 0
镤 8 2 7 8 5 0
镪 8 6 7 3 6 0
铙 8 5 7 1 2 0
镣 8 4 7 9 6 0
镡 8 1 7 4 6 0
镫 8 2 7 1 8 0
镢 8 1 7 8 2 0
颂 8 1 7 8 2 1
镄 8 5 7 8 2 0
镰 8 0 7 3 7 0
镭 8 1 7 6 1 0
铛 8 9 7 7 7 0
鐾 7 0 1 0 9 0
镱 8 0 7 3 6 0
鉴 2 8 1 0 9 0
镲 8 3 7 9 1 0
钻 8 1 7 6 0 0
铄 8 2 7 9 4 0
镳 8 0 7 3 1 0
鑫 8 0 1 1 9 0
镊 8 1 7 4 7 0
镩 8 3 7 5 6 0
銮 0 0 1 0 9 0
门 3 7 0 0 1 0
闩 3 7 1 0 1 0
闫 3 7 1 0 1 1
闪 3 7 8 0 1 0
阗 3 7 8 0 1 1
闭 3 7 2 4 1 0
开 1 0 4 4 0 0
闳 3 7 7 3 2 0
阆 3 7 7 3 2 1
闰 3 7 1 0 4 0
闺 3 7 1 0 4 1
闵 3 7 4 0 0 0
闸 3 7 5 0 6 0
阐 3 7 5 0 6 1
阀 3 7 2 5 3 0
闽 3 7 1 3 6 0
闾 3 7 6 0 6 0
阊 3 7 6 0 6 1
阉 3 7 7 1 6 0
阄 3 7 7 1 6 1
阈 3 7 1 5 3 0
阌 3 7 4 0 7 0
阑 3 7 9 0 6 0
阙 3 7 4 8 2 0
阚 3 7 4 4 8 0
陌 7 1 2 6 2 0
腼 7 1 2 6 2 1
靥 7 1 2 6 2 2
降 7 7 2 5 4 0
陛 7 2 2 1 4 0
陡 7 4 2 8 1 0
阵 7 4 2 5 0 0
除 7 8 2 9 4 0
陷 7 7 2 7 7 0
陧 7 6 2 1 4 0
隍 7 6 2 1 4 1
陪 7 0 2 6 1 0
陬 7 7 2 4 0 0
陲 7 2 2 1 5 0
陆 7 5 2 7 2 0
隆 7 7 2 1 5 0
隈 7 6 2 3 2 0
队 7 8 2 0 0 0
阶 7 8 2 2 0 0
骱 7 8 2 2 0 1
陨 7 6 2 8 2 0
隗 7 6 2 1 3 0
隙 7 9 2 9 6 0
障 7 0 2 4 6 0
隐 7 7 2 3 7 0
隧 7 8 2 3 3 0
隰 7 6 2 3 3 0
隳 7 4 3 3 8 0
隼 2 0 4 0 1 0
雀 9 0 2 1 5 0
雄 4 0 7 1 5 0
雉 8 0 8 1 5 0
雎 7 0 1 1 5 0
骓 7 0 1 1 5 1
杂 4 7 9 0 4 0
雒 2 0 6 1 5 0
虽 6 0 1 3 6 0
难 7 0 4 1 5 0
雪 1 0 1 7 7 0
零 1 0 3 0 2 0
雹 1 0 7 1 2 0
电 5 0 7 1 6 0
霆 1 0 4 0 1 0
霉 1 0 7 5 7 0
霍 1 0 2 1 5 0
霾 1 0 2 1 5 1
霏 1 0 1 1 1 0
霖 1 0 9 9 4 0
霜 1 0 9 6 1 0
雾 1 0 4 2 7 0
霪 1 0 1 1 4 0
霰 1 0 2 4 8 0
露 1 0 1 6 4 0
霹 1 0 2 4 1 0
霁 1 0 2 2 4 0
霭 1 0 7 2 7 0
灵 1 7 8 0 9 0
靖 0 5 1 2 7 0
靛 5 3 2 8 1 0
静 5 7 2 5 7 0
非 1 1 1 1 1 0
靠 2 4 1 1 1 0
靡 0 0 2 1 1 0
革 4 4 5 0 6 0
靴 4 4 5 1 0 0
靶 4 7 5 1 7 0
靼 4 6 5 1 0 0
鞋 4 4 5 1 4 0
鞍 4 3 5 4 4 0
鞘 4 9 5 2 7 0
鞣 4 7 5 9 4 0
鞭 4 1 5 4 6 0
鞲 4 5 5 4 7 0
鞑 4 4 5 3 8 0
韪 6 5 8 0 2 0
韫 5 6 0 1 2 0
韭 1 1 1 0 1 0
韶 0 7 6 6 2 0
韵 0 7 6 2 0 0
顶 1 1 2 8 2 0
预 1 1 2 8 2 1
顽 1 1 2 8 2 2
颥 1 1 2 8 2 3
顷 2 1 7 8 2 0
项 1 1 1 8 2 0
顼 1 1 1 8 2 1
颈 1 1 1 8 2 2
顺 2 1 0 8 2 0
顸 1 1 4 8 2 0
颞 1 1 4 8 2 1
颃 0 1 2 8 2 0
颜 0 1 2 8 2 1
颁 8 1 2 8 2 0
顿 5 1 7 8 2 0
领 8 1 3 8 2 0
颌 8 1 6 8 2 0
颔 8 1 6 8 2 1
颉 4 1 6 8 2 0
颐 7 1 7 8 2 0
颏 0 1 8 8 2 0
颊 5 1 8 8 2 0
头 3 4 8 0 0 0
颗 6 1 9 8 2 0
颢 6 1 9 8 2 1
题 6 1 8 0 8 0
额 3 1 6 8 2 0
颚 6 1 2 8 2 0
愿 7 1 2 3 9 0
颡 7 1 9 8 2 0
颠 4 1 8 8 2 0
颤 0 1 1 8 2 0
飑 7 7 2 1 1 0
飒 0 7 1 1 0 0
飓 7 7 2 1 8 0
飘 1 7 9 1 0 0
飙 4 7 8 1 0 0
飚 7 9 2 1 8 0
飞 1 2 0 1 3 0
饨 2 5 7 1 7 0
饪 2 2 7 1 4 0
饫 2 2 7 8 4 0
饬 2 8 7 2 7 0
饰 2 8 7 2 7 1
饭 2 2 7 4 7 0
饴 2 3 7 6 0 0
饺 2 0 7 4 8 0
饼 2 8 7 4 1 0
养 8 0 2 2 8 0
馁 2 2 7 4 4 0
馀 2 8 7 9 4 0
馄 2 6 7 1 2 0
馅 2 7 7 7 7 0
馆 2 3 7 7 7 0
餮 1 8 7 3 2 0
馏 2 7 7 6 2 0
龆 2 7 7 6 2 1
馍 2 4 7 8 4 0
馒 2 6 7 4 7 0
馑 2 4 7 1 5 0
馈 2 5 7 8 2 0
馔 2 7 7 8 1 0
饶 2 5 7 1 2 0
饕 6 1 7 3 2 0
馋 2 7 7 3 3 0
馕 2 5 7 3 2 0
馗 4 8 0 1 6 0
馘 8 3 6 5 0 0
馥 2 8 6 4 7 0
馨 4 7 6 0 9 0
驭 7 7 1 4 0 0
驮 7 4 1 8 0 0
驰 7 4 1 1 2 0
驯 7 2 1 0 0 0
驳 7 4 1 4 0 0
驱 7 1 1 1 4 0
驻 7 0 1 1 4 0
驹 7 7 1 2 0 0
驵 7 7 1 1 2 0
骀 7 3 1 6 0 0
驸 7 4 1 0 0 0
驶 7 5 1 0 6 0
驼 7 3 1 1 2 0
驷 7 6 1 0 0 0
骈 7 8 1 4 1 0
骇 7 0 1 8 2 0
骆 7 7 1 6 4 0
骏 7 3 1 4 7 0
骋 7 5 1 2 7 0
骒 7 6 1 9 4 0
骑 7 4 1 2 1 0
骐 7 4 1 8 1 0
验 7 8 1 1 9 0
骗 7 3 1 2 7 0
骟 7 3 1 2 7 1
骘 7 1 1 2 7 0
骊 7 1 1 2 7 1
骝 7 7 1 6 2 0
腾 7 9 2 2 7 0
驺 7 7 1 7 7 0
骡 7 6 1 9 3 0
骜 5 8 1 2 7 0
骖 7 3 1 2 2 0
骠 7 1 1 9 1 0
骢 7 6 1 3 0 0
骅 7 4 1 4 1 0
骁 7 5 1 1 2 0
骄 7 2 1 2 8 0
惊 9 0 0 9 6 0
驿 7 7 1 5 4 0
骤 7 7 1 3 2 0
驴 7 3 1 0 7 0
骧 7 0 1 3 2 0
骥 7 2 1 8 1 0
骶 7 2 7 4 3 0
骷 7 4 2 6 0 0
骺 7 2 7 6 1 0
髂 7 3 2 6 4 0
体 2 5 2 3 0 0
髟 7 2 7 2 2 0
髦 7 2 7 1 4 0
髫 7 2 6 0 2 0
髭 7 2 1 1 2 0
髯 7 2 4 4 7 0
髹 7 2 2 9 4 0
髻 7 2 6 0 1 0
鬃 7 2 9 0 1 0
鬈 7 2 7 1 2 0
鬣 7 2 7 1 2 1
鬏 7 2 9 8 9 0
鬟 7 2 7 3 2 0
鬯 2 2 7 1 2 0
鬼 2 6 5 1 3 0
魂 1 6 7 1 3 0
魃 2 3 5 1 4 0
魄 2 6 6 1 3 0
魅 2 5 5 1 9 0
魈 2 9 5 1 2 0
魍 2 7 5 1 2 0
魉 2 1 5 1 2 0
魏 2 6 4 1 3 0
魑 2 0 5 1 2 0
魔 0 0 2 1 3 0
鱼 2 7 1 0 6 0
鱿 2 3 1 1 2 0
鲩 2 3 1 1 2 1
鸵 2 3 1 1 2 2
鲆 2 1 1 4 9 0
鲇 2 1 1 6 0 0
鲞 9 0 1 0 6 0
鲎 9 0 1 0 6 1
鲑 2 4 1 1 4 0
鲜 2 8 1 5 1 0
鲧 2 2 1 9 3 0
鲤 2 6 1 1 5 0
鲨 3 9 1 0 6 0
鲳 2 6 1 6 0 0
鲸 2 0 1 9 6 0
鲰 2 7 1 4 0 0
鲺 2 7 1 1 0 0
鲽 2 4 1 9 4 0
鳇 2 6 1 1 4 0
鳅 2 9 1 8 0 0
鳆 2 8 1 4 7 0
鳏 2 6 1 9 9 0
鲢 2 4 1 3 5 0
鳌 5 8 1 0 6 0
鲣 2 7 1 1 4 0
鳕 2 1 1 7 7 0
鳖 9 8 1 0 6 0
鳟 2 8 1 4 6 0
鳞 2 9 1 5 9 0
鳢 2 5 1 1 8 0
鲚 2 0 1 2 4 0
鲈 2 1 1 0 7 0
凫 2 7 2 1 7 0
鸭 6 7 5 2 7 0
鹈 8 7 2 2 7 0
鹣 8 7 2 2 7 1
鹅 2 7 5 2 7 0
鹪 2 7 3 2 7 0
鹫 0 3 1 2 7 0
鹾 2 8 6 1 2 0
麒 0 4 2 8 1 0
麟 0 9 2 5 9 0
麦 5 0 4 0 7 0
麸 5 5 4 8 0 0
黄 4 4 8 0 6 0
黉 9 0 8 0 6 0
黍 2 0 9 0 9 0
黎 2 7 9 0 9 0
黏 2 1 9 6 0 0
黑 6 0 3 3 1 0
黔 6 8 3 2 7 0
默 6 3 3 8 4 0
黛 2 3 3 3 1 0
黜 6 2 3 7 2 0
黝 6 4 3 2 7 0
点 2 1 3 3 6 0
黟 6 7 3 2 7 0
黠 6 4 3 6 1 0
黢 6 3 3 4 7 0
黥 6 0 3 9 6 0
黪 6 3 3 2 2 0
黩 6 4 3 8 4 0
鼋 1 0 7 1 6 0
鼍 6 6 7 1 6 0
鼠 7 7 7 1 2 0
鼢 7 8 7 2 7 0
鼬 7 5 7 6 0 0
鼯 7 1 7 6 1 0
鼹 7 6 7 4 4 0
鼷 7 2 7 8 4 0
鼻 2 6 2 2 1 0
龀 2 4 7 1 0 0
龊 2 6 7 8 1 0
龉 2 1 7 6 1 0
龌 2 7 7 1 4 0
龚 4 3 8 0 1 0
龛 8 0 4 1 4 0
赜 7 5 7 8 2 0